#! FIELDS d_abs file.free der_d_abs
#! SET min_d_abs -0.707107
#! SET max_d_abs 9.36941
#! SET nbins_d_abs  144
#! SET periodic_d_abs false
   -0.707107000  735.034344310   -0.000000000
   -0.636641846  733.100461449  -47.717374139
   -0.566176692  727.359986439 -125.564654514
   -0.495711538  713.482554748 -285.488634801
   -0.425246385  684.328188412 -563.463492673
   -0.354781231  631.178336637 -961.786301228
   -0.284316077  547.592942612 -1407.233077437
   -0.213850923  435.467958668 -1740.439000282
   -0.143385769  309.293021102 -1779.732174014
   -0.072920615  193.728351900 -1439.182140019
   -0.002455462  113.187105525 -818.547974589
    0.068009692   79.011405529 -170.964108456
    0.138474846   83.647180920  250.532724531
    0.208940000  106.560184975  348.996513276
    0.279405154  127.390894010  218.726812482
    0.349870308  136.310061516   39.869710445
    0.420335462  134.919646585  -62.095581572
    0.490800615  129.755752469  -72.834765160
    0.561265769  125.520626270  -46.619847648
    0.631730923  122.806184292  -34.892762659
    0.702196077  120.038618103  -46.781728559
    0.772661231  115.453835918  -70.055494035
    0.843126385  110.563152396  -65.769776913
    0.913591538  106.614265201  -44.090167699
    0.984056692  104.520756992  -15.030464448
    1.054521846  104.428739678   11.258092200
    1.124987000  105.867143376   27.723857180
    1.195452154  108.039534078   31.868283703
    1.265917308  110.081623445   24.501228888
    1.336382462  111.253305872    7.980387259
    1.406847615  111.167886490  -10.220608767
    1.477312769  109.953767610  -23.172027694
    1.547777923  108.068201793  -29.412809663
    1.618243077  105.819501979  -34.632639015
    1.688708231  103.132575569  -41.522441200
    1.759173385  100.089642537  -43.540452685
    1.829638538   97.253199810  -34.375830414
    1.900103692   95.597952311  -10.251524075
    1.970568846   95.998288698   22.020656889
    2.041034000   98.572977716   49.036171050
    2.111499154  102.483573491   58.044909028
    2.181964308  106.281136536   47.151918622
    2.252429462  108.893833391   26.323992922
    2.322894615  110.063307900    7.985078834
    2.393359769  110.233068107   -1.505443454
    2.463824923  110.097041647   -1.503535760
    2.534290077  110.043027974   -0.232297156
    2.604755231  109.988451853   -1.587697238
    2.675220385  109.798164864   -3.656790781
    2.745685538  109.547794797   -2.360247538
    2.816150692  109.598017612    4.594312853
    2.886615846  110.233620082   13.162650851
    2.957081000  111.383202376   18.454494119
    3.027546154  112.653087977   16.368307895
    3.098011308  113.571522603    9.708331232
    3.168476462  114.067296998    5.060734431
    3.238941615  114.361259410    4.134255320
    3.309406769  114.729556986    6.524690148
    3.379871923  115.217937757    7.326678533
    3.450337077  115.685909276    5.519362716
    3.520802231  115.975611436    2.666689505
    3.591267385  116.111578619    1.772707998
    3.661732538  116.291103801    3.416278978
    3.732197692  116.570153600    4.147812508
    3.802662846  116.822039046    2.575673360
    3.873128000  116.938193478    0.724904804
    3.943593154  116.949140980    0.063872961
    4.014058308  116.966271379    1.193977162
    4.084523462  117.148729117    4.273007810
    4.154988615  117.600027205    8.688514982
    4.225453769  118.348116508   12.196491510
    4.295918923  119.270983269   13.538988235
    4.366384077  120.181578750   11.916228249
    4.436849231  120.881391792    7.466090291
    4.507314385  121.194366518    1.338169485
    4.577779538  121.076755993   -4.183996108
    4.648244692  120.650576849   -7.223032348
    4.718709846  120.152726874   -6.454555390
    4.789175000  119.800581578   -3.381724830
    4.859640154  119.689604647    0.038973772
    4.930105308  119.781107501    2.425993226
    5.000570462  120.025167748    4.693685433
    5.071035615  120.427430146    6.739703391
    5.141500769  121.007824857    9.753501665
    5.211965923  121.805541688   12.571750113
    5.282431077  122.775337190   14.356803915
    5.352896231  123.746202762   12.723208591
    5.423361385  124.496169552    8.750806293
    5.493826538  125.004624127    5.993904963
    5.564291692  125.387172984    5.250335362
    5.634756846  125.779171218    5.921348098
    5.705222000  126.235320932    6.996451696
    5.775687154  126.744592781    7.908983698
    5.846152308  127.352467112    9.968640171
    5.916617462  128.123090946   11.980548566
    5.987082615  129.008635094   12.491072024
    6.057547769  129.833482321   10.499280548
    6.128012923  130.452672531    6.839916348
    6.198478077  130.799382687    3.152287607
    6.268943231  130.984236593    2.042039695
    6.339408385  131.077533873    0.613739257
    6.409873538  131.062087564   -1.530213599
    6.480338692  130.812698693   -5.921802352
    6.550803846  130.237002524  -10.305431845
    6.621269000  129.436380091  -12.113620589
    6.691734154  128.648419925   -9.740663816
    6.762199308  128.124446856   -5.124881019
    6.832664462  127.939864846   -0.279731032
    6.903129615  128.058462389    3.257349860
    6.973594769  128.344815915    4.890718710
    7.044059923  128.683026102    4.334218283
    7.114525077  128.929888918    2.118375190
    7.184990231  128.985055826   -0.701711754
    7.255455385  128.842067067   -2.717954710
    7.325920538  128.635119185   -2.193219336
    7.396385692  128.605873220    1.482460548
    7.466850846  128.896809365    6.165566659
    7.537316000  129.397487288    7.324293137
    7.607781154  129.799987683    3.513829536
    7.678246308  129.873138456   -1.364992185
    7.748711462  129.691220118   -2.856116080
    7.819176615  129.613214658    1.112391444
    7.889641769  129.974227049    9.724911918
    7.960106923  130.908615347    3.072520912
    8.030572077  131.275232186    8.280691646
    8.101037231  132.247792168   19.519383754
    8.171502385  133.723914559   16.240179431
    8.241967538  133.018407108  -51.795102628
    8.312432692  123.845886490 -226.745887164
    8.382897846   99.378330353 -469.328486692
    8.453363000   59.681127741 -625.289277632
    8.523828154   18.199586253 -489.832595614
    8.594293308    0.000000000   35.217931434
    8.664758462   29.611574361  828.065168351
    8.735223615  115.902032397 1587.392517484
    8.805688769  245.373403942 2015.061100817
    8.876153923  389.146419612 1993.212640489
    8.946619077  517.982046428 1621.922298949
    9.017084231  614.507895347 1113.020795306
    9.087549385  676.088851491  653.712505412
    9.158014538  709.937428954  331.740537891
    9.228479692  726.076494794  146.038095453
    9.298944846  732.765800750   55.850765012
    9.369410000  735.034344310   -0.000000000
