#! FIELDS d_abs file.free der_d_abs
#! SET min_d_abs -0.707107
#! SET max_d_abs 9.33253
#! SET nbins_d_abs  143
#! SET periodic_d_abs false
   -0.707107000  611.281896604   -0.000000000
   -0.636405331  609.941560495  -33.731020519
   -0.565703662  605.845801702  -89.621671505
   -0.495001993  595.863139213 -205.192356519
   -0.424300324  574.754817243 -407.891396246
   -0.353598655  536.015120056 -700.187248923
   -0.282896986  474.855451420 -1028.183382771
   -0.212195317  392.498741268 -1276.358705648
   -0.141493648  299.567290244 -1307.021272311
   -0.070791979  214.573158929 -1050.386340612
   -0.000090310  156.304262206 -574.563380885
    0.070611359  134.053854215  -67.312363118
    0.141313028  142.896933011  279.482341287
    0.212014697  167.750457512  384.310944740
    0.282716366  192.883694911  306.478068144
    0.353418035  209.902342048  176.838363692
    0.424119704  219.061118748   93.857989625
    0.494821373  224.654120589   71.387268038
    0.565523042  229.503994813   63.681907615
    0.636224711  232.894924556   24.832095832
    0.706926380  232.040475515  -54.176463459
    0.777628049  224.447898070 -150.376790020
    0.848329718  211.442340035 -210.512874292
    0.919031387  195.890496170 -220.464304728
    0.989733056  181.378637153 -183.549112795
    1.060434725  170.512896680 -121.706782476
    1.131136394  164.064970064  -63.755460403
    1.201838063  161.006329036  -26.530781219
    1.272539732  159.908626646   -6.677230189
    1.343241401  159.909461146    5.920291185
    1.413943070  160.746294511   18.502842695
    1.484644739  162.599847176   34.875527720
    1.555346408  165.729212352   53.588889809
    1.626048077  170.004882446   65.119345210
    1.696749746  174.579478139   62.043840240
    1.767451415  178.551472276   49.715039692
    1.838153085  181.638624620   38.975042443
    1.908854754  184.374680256   41.200448820
    1.979556423  187.878989189   60.897861842
    2.050258092  193.175788530   88.204234840
    2.120959761  199.984661448   99.764490363
    2.191661430  206.433899519   76.412497918
    2.262363099  210.005961707   20.178204184
    2.333064768  208.889226457  -52.280570300
    2.403766437  202.779501503 -117.255501357
    2.474468106  192.936725044 -156.258117860
    2.545169775  181.351843524 -167.132146881
    2.615871444  169.877629554 -153.882915139
    2.686573113  159.983867254 -124.151310111
    2.757274782  152.558628446  -84.520687900
    2.827976451  148.266251969  -35.067822103
    2.898678120  147.701219841   18.955596463
    2.969379789  150.747072609   64.428182462
    3.040081458  156.236712782   86.299544541
    3.110783127  162.319294342   82.179616859
    3.181484796  167.520070496   63.725771522
    3.252186465  171.297798497   44.208941091
    3.322888134  173.978691824   33.415217185
    3.393589803  176.215173616   31.073043623
    3.464291472  178.367358890   29.156789352
    3.534993141  180.286099502   24.577434042
    3.605694810  181.869723573   21.458430212
    3.676396479  183.539239878   26.861910482
    3.747098148  185.844480432   38.956404085
    3.817799817  188.952176964   47.555019733
    3.888501486  192.315495586   45.022769029
    3.959203155  194.995483173   28.761424293
    4.029904824  196.233721155    6.048298078
    4.100606493  195.889696607  -15.111298150
    4.171308162  194.341179063  -26.882996453
    4.242009831  192.317232718  -28.571910947
    4.312711500  190.469155641  -22.931879480
    4.383413169  189.122784931  -15.163661258
    4.454114838  188.322133823   -7.650968343
    4.524816507  187.924357040   -4.597443480
    4.595518176  187.588754572   -6.196869849
    4.666219845  186.925112111  -13.128073271
    4.736921514  185.722391513  -20.482509807
    4.807623183  184.080042953  -25.023351818
    4.878324852  182.277952583  -25.069762071
    4.949026521  180.664464605  -20.501618554
    5.019728190  179.413066451  -14.820998192
    5.090429859  178.515773138  -11.157856553
    5.161131528  177.795405786   -9.813893048
    5.231833197  177.046009683  -11.793071346
    5.302534866  176.146608293  -13.516568037
    5.373236535  175.142545110  -14.844193547
    5.443938204  174.074359667  -15.239722114
    5.514639873  172.995519025  -15.510725635
    5.585341542  171.889335673  -15.919718215
    5.656043211  170.801054902  -14.224099351
    5.726744880  169.968840649   -9.067762796
    5.797446549  169.579594073   -1.494883736
    5.868148218  169.761709873    6.690972476
    5.938849887  170.439375132   11.502699667
    6.009551556  171.284270026   11.244514449
    6.080253225  171.922810757    6.706765752
    6.150954894  172.267634470    3.316059981
    6.221656563  172.434475518    1.759266098
    6.292358232  172.543335736    1.524957220
    6.363059901  172.605588602   -0.115096459
    6.433761570  172.482896706   -3.088657575
    6.504463239  172.224523505   -3.658993263
    6.575164908  172.037932227   -1.140673130
    6.645866577  172.118118225    3.742675559
    6.716568246  172.633449824   11.188405158
    6.787269915  173.676248365   17.838841159
    6.857971585  175.136934227   22.892368467
    6.928673254  176.886298526   25.888906288
    6.999374923  178.760828811   26.364219262
    7.070076592  180.605958861   25.500890047
    7.140778261  182.344195323   23.236916436
    7.211479930  183.905800414   20.688437296
    7.282181599  185.212392192   15.992698158
    7.352883268  186.103005318    8.134178609
    7.423584937  186.270876237   -3.865218428
    7.494286606  185.556682226  -15.859967413
    7.564988275  184.201073214  -21.122719476
    7.635689944  182.798716183  -16.900008634
    7.706391613  181.987803213   -4.850857838
    7.777093282  182.120087475    8.803924348
    7.847794951  183.200274072   21.695493959
    7.918496620  185.088654484   17.839683407
    7.989198289  186.212910592   12.468256227
    8.059899958  186.511517797   -7.722163752
    8.130601627  184.306221748  -63.276931371
    8.201303296  175.946981753 -186.716641213
    8.272004965  156.010840326 -388.483992026
    8.342706634  120.406824647 -613.506462032
    8.413408303   71.903204174 -725.691389298
    8.484109972   24.307017314 -565.471766837
    8.554811641    0.000000000  -70.330781771
    8.625513310   19.610124678  641.820476050
    8.696214979   89.743870692 1311.199234890
    8.766916648  198.001988437 1688.263897119
    8.837618317  319.175791255 1677.494439007
    8.908319986  428.050872346 1366.536832850
    8.979021655  509.669613591  937.869164766
    9.049723324  561.706372517  550.117673544
    9.120424993  590.239038433  278.297928999
    9.191126662  603.795272029  122.062889353
    9.261828331  609.398847593   46.446706006
    9.332530000  611.281896577    0.025634032
