#! FIELDS d_abs file.free der_d_abs
#! SET min_d_abs -0.707106
#! SET max_d_abs 9.30471
#! SET nbins_d_abs  143
#! SET periodic_d_abs false
   -0.707106000  828.990321735   -0.001005729
   -0.636600254  827.078597517  -47.250202549
   -0.566094507  821.397488006 -124.073149241
   -0.495588761  807.662028751 -282.438413865
   -0.425083014  778.786214338 -558.088630792
   -0.354577268  726.064465859 -954.584885224
   -0.284071521  642.959117832 -1400.000498957
   -0.213565775  531.121262289 -1738.982575785
   -0.143060028  404.458771706 -1795.375292890
   -0.072554282  286.698766125 -1486.292582040
   -0.002048535  201.355738932 -907.369656082
    0.068457211  159.382233497 -301.393885456
    0.138962958  153.792403131   94.960503386
    0.209468704  165.739669710  198.820261210
    0.279974451  177.131994328  105.161852402
    0.350480197  179.877206297  -20.449372946
    0.420985944  176.060596043  -72.764439005
    0.491491690  171.325154904  -53.845885472
    0.561997437  168.806423008  -19.905197487
    0.632503183  167.794786518  -14.805619236
    0.703008930  166.020558381  -37.769160224
    0.773514676  161.885701576  -65.212922082
    0.844020423  157.451647391  -56.746613991
    0.914526169  154.322085942  -29.729905970
    0.985031915  153.377051304    2.429317307
    1.055537662  154.390479887   23.500609211
    1.126043408  156.270206008   27.258339097
    1.196549155  157.932972413   18.254502459
    1.267054901  158.733759101    4.165041804
    1.337560648  158.634265967   -6.265127815
    1.408066394  158.020446837  -10.661196498
    1.478572141  157.165711452  -13.587259194
    1.549077887  156.058369720  -18.806291850
    1.619583634  154.362549458  -29.693643676
    1.690089380  151.896539174  -39.459697907
    1.760595127  148.955859455  -42.577788839
    1.831100873  146.094638170  -37.559657120
    1.901606620  143.750282354  -28.702810772
    1.972112366  142.029292257  -20.541091936
    2.042618113  140.750124443  -16.121888056
    2.113123859  139.775095515  -10.479086944
    2.183629606  139.401174380    0.349807093
    2.254135352  139.843531945   12.232909363
    2.324641099  140.970440328   18.908508989
    2.395146845  142.373594622   20.351108520
    2.465652592  143.710737286   17.113858075
    2.536158338  144.826565258   15.337568178
    2.606664085  146.059606965   21.103549333
    2.677169831  147.978403852   34.529759485
    2.747675577  151.062921515   52.301992454
    2.818181324  155.231598245   64.162616159
    2.888687070  159.818736883   64.102675659
    2.959192817  164.023701157   53.448087175
    3.029698563  167.279480527   39.225736205
    3.100204310  169.652573878   28.838269713
    3.170710056  171.386815421   20.382158989
    3.241215803  172.532226937   12.191051828
    3.311721549  173.088794763    3.521445963
    3.382227296  173.048029881   -4.221352948
    3.452733042  172.576170206   -7.999994527
    3.523238789  172.075515436   -5.243295592
    3.593744535  171.885258827   -0.333947261
    3.664250282  171.982027156    2.614634618
    3.734756028  172.093868484    0.249871544
    3.805261775  171.965794556   -4.077603288
    3.875767521  171.519245858   -8.442279980
    3.946273268  170.864293679  -10.238461631
    4.016779014  170.109425953  -11.061655174
    4.087284761  169.300975713  -11.286697831
    4.157790507  168.552548702   -9.849489644
    4.228296254  167.920717040   -7.574786746
    4.298802000  167.530172978   -2.819970549
    4.369307746  167.521947411    2.087886438
    4.439813493  167.782550797    4.862235105
    4.510319239  168.128100706    4.521303292
    4.580824986  168.341346553    1.366026434
    4.651330732  168.286621199   -2.417495507
    4.721836479  168.037274654   -4.591639420
    4.792342225  167.670934570   -5.792197953
    4.862847972  167.256113219   -5.919396862
    4.933353718  166.836980197   -6.206901690
    5.003859465  166.400584116   -6.206013875
    5.074365211  165.982469405   -5.416645032
    5.144870958  165.626884552   -4.435822615
    5.215376704  165.347662797   -3.555953847
    5.285882451  165.111351704   -3.276559829
    5.356388197  164.894253743   -2.816178307
    5.426893944  164.736630011   -1.060968060
    5.497399690  164.787512381    2.588750792
    5.567905437  165.120175644    6.725128967
    5.638411183  165.693474035    9.508420209
    5.708916930  166.456634718   11.919886084
    5.779422676  167.317861709   12.078124692
    5.849928423  168.154965058   11.426834319
    5.920434169  168.868450820    8.581863082
    5.990939915  169.291376907    3.067509482
    6.061445662  169.274154376   -3.290410099
    6.131951408  168.883546641   -7.379519734
    6.202457155  168.286427585   -8.864080622
    6.272962901  167.706184038   -7.652636835
    6.343468648  167.202280571   -6.711970208
    6.413974394  166.766594088   -5.493680000
    6.484480141  166.469948100   -2.672179291
    6.554985887  166.422739719    1.580193161
    6.625491634  166.676808279    5.854573752
    6.695997380  167.209429580    8.753604502
    6.766503127  167.889335874   10.297525822
    6.837008873  168.614386806   10.193335907
    6.907514620  169.304794627    9.292321719
    6.978020366  169.910611693    7.561265663
    7.048526113  170.330457847    3.956065495
    7.119031859  170.446712658   -0.679543799
    7.189537606  170.275348078   -3.486307411
    7.260043352  170.078250888   -1.053353660
    7.330549099  170.244628341    6.399455822
    7.401054845  170.948009793   12.780116735
    7.471560592  171.881292671   12.387128793
    7.542066338  172.483458146    3.782674985
    7.612572085  172.439383229   -3.521016865
    7.683077831  172.256484657    0.363057443
    7.753583577  172.733883771   14.419582852
    7.824089324  174.343721599   31.250839640
    7.894595070  176.877922527   22.609524289
    7.965100817  178.243387186   15.688517940
    8.035606563  179.062420184    7.265607545
    8.106112310  178.849829566  -19.908088299
    8.176618056  174.629164752 -116.413360354
    8.247123803  159.688731511 -326.461228413
    8.317629549  126.857876423 -605.559796762
    8.388135296   76.706311937 -780.029166790
    8.458641042   24.841005922 -619.751365138
    8.529146789    0.000000000  -13.634556021
    8.599652535   30.304824623  899.378912895
    8.670158282  125.982847225 1776.419585051
    8.740664028  271.755604802 2276.155255542
    8.811169775  434.659088780 2262.007535086
    8.881675521  581.175849879 1846.064565819
    8.952181268  691.213968170 1269.234814890
    9.022687014  761.531833599  746.696175143
    9.093192761  800.240471156  379.402980908
    9.163698507  818.712332468  167.233127956
    9.234204254  826.376336279   63.827894120
    9.304710000  828.990321689    0.015754159
