#! FIELDS d_abs file.free der_d_abs
#! SET min_d_abs -0.707107
#! SET max_d_abs 9.3118
#! SET nbins_d_abs  143
#! SET periodic_d_abs false
   -0.707107000  441.650278723   -0.000000000
   -0.636551317  440.559351868  -27.901080045
   -0.565995634  437.198283658  -73.524184111
   -0.495439951  429.020199819 -168.548483171
   -0.424884268  411.698218301 -335.937179590
   -0.354328585  379.794621075 -579.444260320
   -0.283772901  329.047997230 -858.679670424
   -0.213217218  259.909861288 -1081.983648462
   -0.142661535  180.288958146 -1140.116520884
   -0.072105852  104.263769383 -979.083982036
   -0.001550169   46.110121025 -651.439871654
    0.069005514   12.992171245 -295.882086045
    0.139561197    1.681758601  -51.002160093
    0.210116880    1.914849927   32.553904503
    0.280672563    3.655388773    6.845410666
    0.351228246    2.609605755  -31.983635106
    0.421783930    0.241264455  -25.922236726
    0.492339613    0.000000000   23.835959116
    0.562895296    3.811406673   82.284065975
    0.633450979   11.077761218  118.763312126
    0.704006662   19.837989034  124.615281669
    0.774562345   27.628181797   99.080086700
    0.845118028   33.415395337   61.419978293
    0.915673711   35.973581812    9.602698183
    0.986229394   34.683857608  -45.739479579
    1.056785077   29.754123015  -91.445386748
    1.127340761   22.318553055 -114.154407061
    1.197896444   14.440936942 -102.950486097
    1.268452127    8.494570637  -61.910724821
    1.339007810    6.007286768   -7.871473828
    1.409563493    7.179024956   38.128497578
    1.480119176   10.811727490   60.356703345
    1.550674859   15.125090160   58.227227580
    1.621230542   18.639593847   40.078917127
    1.691786225   20.802368268   23.600502240
    1.762341908   22.451871492   27.352967405
    1.832897592   25.220072041   55.033901820
    1.903453275   30.613040049   99.372801162
    1.974008958   39.253833680  143.787808910
    2.044564641   50.465403427  170.460591665
    2.115120324   62.694122978  171.752093810
    2.185676007   74.171126869  151.215763406
    2.256231690   83.889855968  124.521877311
    2.326787373   92.074673328  110.908665328
    2.397343056  100.069096641  119.640102417
    2.467898739  109.411199247  147.383625793
    2.538454423  120.901399540  177.496909974
    2.609010106  134.091865463  192.667045715
    2.679565789  147.414540770  180.376410390
    2.750121472  158.996829591  145.062806664
    2.820677155  167.575966515   97.062109908
    2.891232838  172.807809677   53.229679285
    2.961788521  175.510956117   26.736443150
    3.032344204  177.023663448   19.436559177
    3.102899887  178.626382663   28.142199650
    3.173455570  181.176393570   44.412992424
    3.244011254  184.800026137   57.346455169
    3.314566937  189.119650955   64.098640350
    3.385122620  193.735507345   66.289988247
    3.455678303  198.467056963   68.340774262
    3.526233986  203.477589389   74.453392132
    3.596789669  209.147762791   87.249476029
    3.667345352  215.878998101  103.776428534
    3.737901035  223.718973949  117.267029128
    3.808456718  232.162101353  119.618101974
    3.879012401  240.269187045  107.369203221
    3.949568085  246.975427949   80.979917551
    4.020123768  251.514688471   47.394784658
    4.090679451  253.630547143   13.296721736
    4.161235134  253.543964044  -14.352943652
    4.231790817  251.761218921  -34.953852562
    4.302346500  248.834931347  -46.462203107
    4.372902183  245.401362473  -49.722510500
    4.443457866  241.976547974  -46.383143068
    4.514013549  238.913845541  -40.071277909
    4.584569232  236.400698532  -31.031437098
    4.655124915  234.567814384  -20.312958005
    4.725680599  233.623288696   -5.636985650
    4.796236282  233.925168829   14.601064214
    4.866791965  235.681693733   34.488838493
    4.937347648  238.595270910   46.157910905
    5.007903331  241.932467776   46.333127986
    5.078459014  244.879235214   36.047013421
    5.149014697  246.902791832   20.955518349
    5.219570380  247.828139558    5.363551852
    5.290126063  247.645292023  -10.682656474
    5.360681746  246.329237268  -26.309597157
    5.431237430  244.010779856  -38.741429908
    5.501793113  241.035971470  -43.902531577
    5.572348796  238.043477622  -39.527084116
    5.642904479  235.560878602  -30.832468348
    5.713460162  233.620785455  -24.767951057
    5.784015845  231.946268048  -24.038670926
    5.854571528  230.115167018  -28.336851089
    5.925127211  227.910352706  -33.869148431
    5.995682894  225.386030641  -37.326825225
    6.066238577  222.636022892  -40.546920821
    6.136794261  219.692683315  -42.434458555
    6.207349944  216.761949186  -39.688857733
    6.277905627  214.265664820  -29.453278197
    6.348461310  212.763909083  -12.341948748
    6.419016993  212.557082616    5.644288143
    6.489572676  213.369807082   15.517917525
    6.560128359  214.534265130   15.877745021
    6.630684042  215.480384570   10.440602477
    6.701239725  215.948743269    3.094148091
    6.771795408  215.904221460   -4.572365091
    6.842351092  215.201383196  -16.207002895
    6.912906775  213.554809594  -30.436508273
    6.983462458  210.977660791  -41.456145066
    7.054018141  207.985273097  -40.922787259
    7.124573824  205.521192770  -26.566914383
    7.195129507  204.403664252   -5.580507470
    7.265685190  204.620807848    9.986562354
    7.336240873  205.494530133   12.809586053
    7.406796556  206.236014643    7.987496892
    7.477352239  206.657110861    5.188935819
    7.547907923  207.181290248   11.254348008
    7.618463606  208.329747671   21.692072972
    7.689019289  210.220643869   30.985835428
    7.759574972  212.501428734   32.376438512
    7.830130655  214.649378753   28.135590102
    7.900686338  216.393933139   18.798380535
    7.971242021  217.683545966   19.042136898
    8.041797704  219.190645244   23.432075246
    8.112353387  220.732836521   17.123926629
    8.182909070  220.911797149  -18.301205769
    8.253464754  217.331382264  -87.716265597
    8.324020437  208.353915553 -163.577294353
    8.394576120  195.456328962 -188.071650657
    8.465131803  184.442177937 -102.772447855
    8.535687486  183.860255929  103.759040296
    8.606243169  200.598733020  373.016796897
    8.676798852  235.571141431  603.153681432
    8.747354535  282.685238831  707.505934721
    8.817910218  331.923155352  666.041220438
    8.888465901  374.254160893  522.830030604
    8.959021585  404.987125173  348.920858402
    9.029577268  424.085807382  199.785192010
    9.100132951  434.340044216   99.240398388
    9.170688634  439.122264797   42.632689192
    9.241244317  441.056399347   15.760308063
    9.311800000  441.650278723   -0.000000000
