#! FIELDS d_abs file.free der_d_abs
#! SET min_d_abs -0.707107
#! SET max_d_abs 9.3118
#! SET nbins_d_abs  143
#! SET periodic_d_abs false
   -0.707107000  897.800257192   -0.000000000
   -0.636551317  894.909936183  -70.428883376
   -0.565995634  886.483628848 -183.469166282
   -0.495439951  866.214345719 -415.674641103
   -0.424884268  823.811877565 -816.992739907
   -0.354328585  746.888444702 -1386.209352196
   -0.283772901  626.803584080 -2010.510982968
   -0.213217218  467.343233047 -2455.988417953
   -0.142661535  290.737333264 -2459.660019890
   -0.072105852  133.582397885 -1906.248093707
   -0.001550169   31.354848755 -951.605405092
    0.069005514    0.000000000   33.047100553
    0.139561197   27.926727358  681.709739119
    0.210116880   84.732375696  852.532581831
    0.280672563  139.790920526  669.475854612
    0.351228246  176.734928822  378.732949071
    0.421783930  195.014746597  159.073627219
    0.492339613  201.938369209   53.837211796
    0.562895296  204.259669440   18.287669475
    0.633450979  204.930851722    1.590329773
    0.704006662  204.535386143  -12.134121687
    0.774562345  202.389722516  -28.556072227
    0.845118028  200.711247671  -19.406541867
    0.915673711  199.633614340  -11.755444735
    0.986229394  198.885203216  -10.975828102
    1.056785077  197.886754357  -18.506755346
    1.127340761  196.227205242  -27.652393749
    1.197896444  194.211825131  -26.772132941
    1.268452127  192.759619001  -12.627273045
    1.339007810  192.613058129    9.394012039
    1.409563493  194.051390434   30.508049624
    1.480119176  196.725078141   43.761672750
    1.550674859  200.038161962   48.552260329
    1.621230542  203.369103089   45.010724242
    1.691786225  206.345012371   40.354267262
    1.762341908  209.244755568   43.515942270
    1.832897592  212.666825924   54.836183049
    1.903453275  217.080455016   70.239143159
    1.974008958  222.492562340   81.685272479
    2.044564641  228.320266088   81.873578943
    2.115120324  233.787770686   71.599460843
    2.185676007  238.285323240   55.943408977
    2.256231690  241.766117410   43.637904648
    2.326787373  244.715750888   42.002491298
    2.397343056  247.885761714   48.836140897
    2.467898739  251.628230091   56.727627179
    2.538454423  255.650428616   55.671850338
    2.609010106  259.202068341   43.287323582
    2.679565789  261.554208049   23.123621019
    2.750121472  262.580670011    7.785894276
    2.820677155  262.925268112    3.918297108
    2.891232838  263.451019072   12.644570791
    2.961788521  264.841495092   26.721571884
    3.032344204  267.063894927   35.155160170
    3.102899887  269.622825137   36.265904305
    3.173455570  272.065794724   32.338974925
    3.244011254  274.087217077   24.614037018
    3.314566937  275.541823319   16.741646371
    3.385122620  276.492138034   10.385330780
    3.455678303  277.032044932    5.195416117
    3.526233986  277.274358708    1.918145366
    3.596789669  277.404300519    2.072987679
    3.667345352  277.611122253    3.845635422
    3.737901035  277.912336317    4.363021951
    3.808456718  278.152273774    1.759588655
    3.879012401  278.138623673   -2.550032869
    3.949568085  277.802443773   -6.432818830
    4.020123768  277.307081324   -6.946040385
    4.090679451  276.840116710   -5.974977941
    4.161235134  276.468728503   -4.703834068
    4.231790817  276.078210097   -6.887882125
    4.302346500  275.496872372   -9.477273660
    4.372902183  274.795901652   -9.814440209
    4.443457866  274.203474204   -6.057505158
    4.514013549  273.989504427    0.081640288
    4.584569232  274.232228840    6.350156560
    4.655124915  274.775051585    8.588959598
    4.725680599  275.369238028    7.877239047
    4.796236282  275.910042755    7.332001800
    4.866791965  276.411884746    6.760193625
    4.937347648  276.855763094    5.652028432
    5.007903331  277.223383930    4.399287101
    5.078459014  277.482100884    3.107891315
    5.149014697  277.690203680    3.087204119
    5.219570380  277.968379917    5.067574087
    5.290126063  278.396495153    6.887530721
    5.360681746  278.933040423    8.396485088
    5.431237430  279.573502792    9.463402164
    5.501793113  280.266758790   10.413907262
    5.572348796  281.060005063   11.855036234
    5.642904479  281.879349278   10.746539212
    5.713460162  282.474260344    5.791853906
    5.784015845  282.664559430   -0.813122652
    5.854571528  282.377337465   -6.747458176
    5.925127211  281.782606141   -9.210930721
    5.995682894  281.194212280   -6.795055464
    6.066238577  280.833340442   -3.320156033
    6.136794261  280.677173251   -1.491206231
    6.207349944  280.586210631   -1.396610471
    6.277905627  280.462226204   -1.761963825
    6.348461310  280.366893657   -0.476056381
    6.419016993  280.432246416    1.949968798
    6.489572676  280.617006532    2.679772848
    6.560128359  280.774071758    1.314943093
    6.630684042  280.788712041   -0.837239309
    6.701239725  280.635561383   -3.164991432
    6.771795408  280.367869093   -4.226362513
    6.842351092  280.023087867   -5.822904818
    6.912906775  279.544384132   -7.516454412
    6.983462458  278.954104874   -9.138245642
    7.054018141  278.297545390   -9.080099842
    7.124573824  277.709897283   -6.786255873
    7.195129507  277.381551991   -2.937379248
    7.265685190  277.318622454    1.171982433
    7.336240873  277.515502877    4.415511130
    7.406796556  277.931659215    7.768882058
    7.477352239  278.567647336   10.283317796
    7.547907923  279.361164311   12.251343087
    7.618463606  280.223761491   11.938391630
    7.689019289  281.019689744   10.004964933
    7.759574972  281.493098126    2.619068946
    7.830130655  281.303663831   -7.691969841
    7.900686338  280.434435141  -28.941379730
    7.971242021  278.438085071  -23.151462856
    8.041797704  277.822713034    9.243103568
    8.112353387  279.750770665   40.996429596
    8.182909070  282.098705935    8.663129272
    8.253464754  278.126160488 -142.084540642
    8.324020437  259.922529448 -378.474776091
    8.394576120  226.327048096 -544.259532769
    8.465131803  189.773064589 -430.982611180
    8.535687486  174.700647183   65.186539241
    8.606243169  205.397901471  827.859522483
    8.676798852  290.871717903 1562.650773284
    8.747354535  418.176982021 1975.777252868
    8.817910218  559.208329040 1951.587894702
    8.888465901  685.449054736 1586.363827167
    8.959021585  779.953581600 1088.221857597
    9.029577268  840.215472470  638.639140555
    9.100132951  873.313368161  323.894187924
    9.170688634  889.073578010  142.305994456
    9.241244317  895.595504001   54.222817119
    9.311800000  897.800257192   -0.000000000
