#! FIELDS d_abs file.free der_d_abs
#! SET min_d_abs -0.707106
#! SET max_d_abs 9.29474
#! SET nbins_d_abs  143
#! SET periodic_d_abs false
   -0.707106000  550.857136904   -0.002029530
   -0.636670465  549.367326317  -37.774268794
   -0.566234930  544.762503372 -101.115470367
   -0.495799394  533.548646285 -231.478784152
   -0.425363859  509.812863532 -460.604469982
   -0.354928324  466.195409362 -792.691125060
   -0.284492789  396.988970934 -1170.758809112
   -0.214057254  303.256566724 -1462.982604361
   -0.143621718  196.596268108 -1514.375380151
   -0.073186183   97.742825857 -1238.452053962
   -0.002750648   28.343657937 -703.078427577
    0.067684887    0.000000000 -113.292354530
    0.138120423    8.338834279  308.088680173
    0.208555958   36.839542580  455.675337327
    0.278991493   67.296414318  383.096230937
    0.349427028   88.919354476  229.174198359
    0.419862563  100.484629307  110.561458251
    0.490298099  106.170599094   61.193051322
    0.560733634  110.068796042   52.706940190
    0.631169169  113.624783671   46.375617850
    0.701604704  116.250637115   25.649148280
    0.772040239  116.435909983  -12.670016302
    0.842475775  114.547518668  -40.189410056
    0.912911310  110.980227118  -59.014792894
    0.983346845  106.587321178  -62.784447989
    1.053782380  102.593474282  -47.431245347
    1.124217915  100.257093742  -16.864833220
    1.194653451  100.264148364   16.103950977
    1.265088986  102.103177867   31.657933026
    1.335524521  103.941885366   14.571004661
    1.405960056  103.329729083  -37.225495470
    1.476395592   98.128878170 -112.582878676
    1.546831127   87.563171428 -184.212346884
    1.617266662   72.985932746 -221.921823882
    1.687702197   57.590445257 -205.659556901
    1.758137732   45.216196310 -137.451699434
    1.828573268   38.973903076  -37.787881607
    1.899008803   39.728063660   54.572126234
    1.969444338   45.765878648  108.937190430
    2.039879873   53.991661771  117.791016229
    2.110315408   61.616938121   95.370373415
    2.180750944   67.203149056   63.942901397
    2.251186479   70.767741343   39.526804997
    2.321622014   72.983139709   25.082613258
    2.392057549   74.431337974   16.242061884
    2.462493085   75.318925377    9.346062167
    2.532928620   75.814700142    5.298803021
    2.603364155   76.247476668    8.035752302
    2.673799690   77.028761572   13.813884698
    2.744235225   78.135592729   16.909667226
    2.814670761   79.320487051   15.787701591
    2.885106296   80.341418266   13.992535404
    2.955541831   81.498359468   21.071284369
    3.025977366   83.545732836   38.548902145
    3.096412901   87.031325055   60.096071016
    3.166848437   91.866871912   75.930020093
    3.237283972   97.454176934   80.268091886
    3.307719507  102.889367182   71.646360325
    3.378155042  107.320233215   53.349442331
    3.448590577  110.362307512   33.432880238
    3.519026113  112.115843925   17.419118742
    3.589461648  112.989915266    8.610980822
    3.659897183  113.472706218    6.093205111
    3.730332718  113.934380317    7.664458155
    3.800768254  114.579322462   10.223148535
    3.871203789  115.280305646    8.973192754
    3.941639324  115.735292811    3.699828803
    4.012074859  115.796130233   -1.681709427
    4.082510394  115.580617533   -3.950904908
    4.152945930  115.330962747   -2.673526393
    4.223381465  115.291233673    1.712480410
    4.293817000  115.575846747    6.316197725
    4.364252535  116.142699807    9.403774388
    4.434688070  116.843061402   10.117199478
    4.505123606  117.506123077    7.994179768
    4.575559141  117.890429850    2.240708282
    4.645994676  117.744913470   -6.168788816
    4.716430211  117.053620750  -12.912520226
    4.786865746  116.068110329  -13.620033973
    4.857301282  115.334145084   -5.675767989
    4.927736817  115.399131023    7.884174920
    4.998172352  116.399900542   19.737116952
    5.068607887  118.026260823   25.045759992
    5.139043423  119.741443241   22.751808389
    5.209478958  121.166806401   17.949224866
    5.279914493  122.267293955   13.481216398
    5.350350028  123.137327651   11.727325383
    5.420785563  123.974443267   12.212654995
    5.491221099  124.840962934   12.039482723
    5.561656634  125.629953264   10.438615992
    5.632092169  126.347971951   10.142092415
    5.702527704  127.092589939   10.989788794
    5.772963239  127.908392599   11.935623630
    5.843398775  128.769090762   12.459565743
    5.913834310  129.622112594   11.734773302
    5.984269845  130.502799690   13.616783809
    6.054705380  131.604578428   18.254734099
    6.125140915  133.089807333   23.607976079
    6.195576451  134.823022228   25.013429149
    6.266011986  136.524107829   22.691616666
    6.336447521  137.959792478   17.895592178
    6.406883056  139.083628771   14.646722034
    6.477318592  140.163096674   17.249380996
    6.547754127  141.641041424   25.603457921
    6.618189662  143.863965910   37.577243310
    6.688625197  146.813052444   44.971860408
    6.759060732  150.044699680   45.637733205
    6.829496268  153.084845782   39.720877951
    6.899931803  155.544486320   29.690082945
    6.970367338  157.248721793   18.899763172
    7.040802873  158.195265420    8.605228590
    7.111238408  158.547223563    1.711154697
    7.181673944  158.554008195   -1.092528356
    7.252109479  158.490571325   -0.533570696
    7.322545014  158.469675824    0.327611268
    7.392980549  158.536470470    1.335053509
    7.463416085  158.662485021    1.833048846
    7.533851620  158.756881143    0.663300516
    7.604287155  158.743452802   -0.864004200
    7.674722690  158.649560667   -1.733679724
    7.745158225  158.504121520   -2.420550125
    7.815593761  158.340595218   -1.718862799
    7.886029296  158.295076238   -7.334465973
    7.956464831  158.007354060    0.750900747
    8.026900366  158.505175146   12.805268192
    8.097335901  159.300715932    2.985294738
    8.167771437  157.478681248  -68.136826160
    8.238206972  147.692332374 -222.359823983
    8.308642507  125.219894172 -413.585798742
    8.379078042   91.418931494 -519.125117623
    8.449513577   57.486164506 -397.530991916
    8.519949113   42.142860418    4.677948357
    8.590384648   62.397432694  583.368859774
    8.660820183  123.312051473 1119.294535193
    8.731255718  214.172212570 1408.753531557
    8.801691254  314.190223346 1381.206862423
    8.872126789  403.088537115 1114.942116262
    8.942562324  469.212252191  760.048050084
    9.012997859  511.135351767  443.799352302
    9.083433394  534.043101596  223.949931872
    9.153868930  544.905980655   98.083698361
    9.224304465  549.381042435   37.043907415
    9.294740000  550.857136904   -0.000000000
