#! FIELDS d_abs file.free der_d_abs
#! SET min_d_abs -0.707106
#! SET max_d_abs 9.29474
#! SET nbins_d_abs  143
#! SET periodic_d_abs false
   -0.707106000  794.157385806   -0.002029530
   -0.636670465  792.306793235  -46.360082413
   -0.566234930  786.681305348 -123.306919730
   -0.495799394  773.030626992 -281.378446469
   -0.425363859  744.238170328 -557.762557768
   -0.354928324  691.537924015 -956.083715558
   -0.284492789  608.214204809 -1407.655758411
   -0.214057254  495.679586865 -1754.139231849
   -0.143621718  367.911500179 -1813.493900401
   -0.073186183  249.268417032 -1493.883186815
   -0.002750648  164.289961949 -889.462777834
    0.067684887  124.786053659 -250.710839261
    0.138120423  123.673949829  167.775918288
    0.208555958  140.796412634  268.558991519
    0.278991493  156.274401749  149.157747083
    0.349427028  160.993592498   -7.229830973
    0.419862563  157.485050585  -73.173690828
    0.490298099  153.049784166  -41.039740560
    0.560733634  152.406925536   21.492402806
    0.631169169  155.287675607   52.206138235
    0.701604704  158.655379099   36.812487328
    0.772040239  159.222836050  -11.379041867
    0.842475775  157.205577676  -44.108395382
    0.912911310  153.358185329  -62.323376308
    0.983346845  148.775744515  -65.725739944
    1.053782380  144.299745929  -60.824031880
    1.124217915  140.156406400  -57.402505671
    1.194653451  136.034579596  -60.862887096
    1.265088986  131.366652124  -72.845851278
    1.335524521  125.727391385  -86.383741699
    1.405960056  119.454617327  -89.307476165
    1.476395592  113.499684577  -77.290242027
    1.546831127  108.878282453  -52.458158621
    1.617266662  106.209349377  -23.408740113
    1.687702197  105.505768743    2.311903282
    1.758137732  106.308148848   19.981323434
    1.828573268  108.186986670   32.197895080
    1.899008803  110.708742017   38.014991898
    1.969444338  113.436117143   38.826948659
    2.039879873  116.197141375   40.239932974
    2.110315408  119.230859837   46.780203291
    2.180750944  122.857789148   56.917534301
    2.251186479  127.137927196   63.604798462
    2.321622014  131.485132559   57.781123122
    2.392057549  134.986377088   39.856606931
    2.462493085  137.021709934   18.462972423
    2.532928620  137.773428832    4.624990612
    2.603364155  138.017905269    4.317582299
    2.673799690  138.549294334   10.727992837
    2.744235225  139.490513033   15.421121921
    2.814670761  140.665771242   17.409017224
    2.885106296  141.981303700   21.059453480
    2.955541831  143.811427514   32.345070845
    3.025977366  146.594727694   46.305975237
    3.096412901  150.145611063   52.305159451
    3.166848437  153.629057278   44.765474728
    3.237283972  156.249592160   28.754973204
    3.307719507  157.732561527   13.823294726
    3.378155042  158.375856762    6.157529079
    3.448590577  158.794019501    6.842144892
    3.519026113  159.380897080    9.686901033
    3.589461648  160.089840405    9.687988096
    3.659897183  160.640707288    5.495254102
    3.730332718  160.833229177    0.384463131
    3.800768254  160.774631012   -1.724033030
    3.871203789  160.630407545   -2.192068751
    3.941639324  160.464905942   -2.333280339
    4.012074859  160.302008056   -2.184802534
    4.082510394  160.178991743   -1.429596593
    4.152945930  160.123622199   -0.134101690
    4.223381465  160.214481915    2.856448247
    4.293817000  160.525244479    5.990891597
    4.364252535  161.031586703    8.084575436
    4.434688070  161.615799868    8.262804905
    4.505123606  162.154670259    6.628139078
    4.575559141  162.519005020    3.365617651
    4.645994676  162.584544397   -1.258615739
    4.716430211  162.336682168   -5.684977203
    4.786865746  161.817327358   -8.549722422
    4.857301282  161.187437120   -8.675003634
    4.927736817  160.658103514   -5.980258723
    4.998172352  160.364962869   -2.193846905
    5.068607887  160.363646938    2.087654292
    5.139043423  160.650553546    6.024240884
    5.209478958  161.215564488   10.292439348
    5.279914493  162.046884384   12.862192747
    5.350350028  162.996605597   13.992987341
    5.420785563  164.001326331   14.443357502
    5.491221099  165.000076289   13.558933346
    5.561656634  165.880190410   11.501524426
    5.632092169  166.649646178   10.362852469
    5.702527704  167.335539620    8.850005205
    5.772963239  167.881518461    6.238580605
    5.843398775  168.195319270    2.520316723
    5.913834310  168.191755614   -2.643520057
    5.984269845  167.882888355   -5.876343443
    6.054705380  167.414676351   -6.872662499
    6.125140915  166.950337105   -6.216871601
    6.195576451  166.505509578   -6.351691987
    6.266011986  166.055930076   -6.379183297
    6.336447521  165.603736336   -6.510538904
    6.406883056  165.141114364   -6.521292160
    6.477318592  164.719405224   -4.980911795
    6.547754127  164.468689154   -1.825303562
    6.618189662  164.510690940    3.075461300
    6.688625197  164.813171478    4.850767060
    6.759060732  165.138405790    4.077972837
    6.829496268  165.345739602    1.626059724
    6.899931803  165.367499531   -0.889065001
    6.970367338  165.247096557   -2.276298708
    7.040802873  165.010119836   -4.281258927
    7.111238408  164.652439385   -6.242013162
    7.181673944  164.167080444   -7.625118170
    7.252109479  163.644781904   -7.024905242
    7.322545014  163.203097274   -4.689825920
    7.392980549  163.030875278   -0.132919678
    7.463416085  163.188131793    3.882860025
    7.533851620  163.478182125    3.615058373
    7.604287155  163.629598776    0.815492361
    7.674722690  163.634060188   -0.239698691
    7.745158225  163.665522952    1.606219337
    7.815593761  163.961831910    7.761944887
    7.886029296  164.797295639    1.673316085
    7.956464831  165.223093289   12.197771197
    8.026900366  166.669507299   28.597367648
    8.097335901  168.686545374   20.226947844
    8.167771437  167.568762479  -71.094413805
    8.238206972  155.622257203 -288.763674141
    8.308642507  125.055411534 -579.905416889
    8.379078042   76.366909870 -765.065517492
    8.449513577   25.197628375 -616.822808096
    8.519949113    0.000000000  -29.362530466
    8.590384648   28.260975942  857.031448046
    8.660820183  119.855473897 1706.028341489
    8.731255718  259.794590452 2187.694153007
    8.801691254  416.174478310 2172.927412325
    8.872126789  556.728172629 1771.605743479
    8.942562324  662.200717227 1217.417008217
    9.012997859  729.566229404  715.885898127
    9.083433394  766.633464388  363.715329756
    9.153868930  784.324756795  160.307044963
    9.224304465  791.662951147   61.143163865
    9.294740000  794.157385807   -0.000000000
