#! FIELDS d_abs file.free der_d_abs
#! SET min_d_abs -0.707107
#! SET max_d_abs 9.34557
#! SET nbins_d_abs  144
#! SET periodic_d_abs false
   -0.707107000  637.791663128   -0.000000000
   -0.636808559  636.147791324  -40.819387746
   -0.566510119  631.231186143 -108.129488844
   -0.496211678  619.254118653 -247.365567082
   -0.425913238  593.997032926 -490.242657605
   -0.355614797  547.734296749 -841.549908975
   -0.285316357  474.471945317 -1241.564713584
   -0.215017916  375.185162173 -1554.343236698
   -0.144719476  261.845036428 -1617.432881867
   -0.074421035  155.724173131 -1346.439620679
   -0.004122594   78.803636610 -812.936283142
    0.066175846   42.625809000 -229.359367974
    0.136474287   42.209553777  173.816399230
    0.206772727   60.327629474  295.435905000
    0.277071168   78.549975212  198.357313505
    0.347369608   86.607747152   31.862574000
    0.417668049   84.331229287  -82.658116951
    0.487966490   76.993708516 -113.971707828
    0.558264930   69.511019248  -94.109734648
    0.628563371   64.004260112  -62.833701373
    0.698861811   60.562753928  -35.883096827
    0.769160252   58.377599158  -17.410267898
    0.839458692   58.269947649   13.745891038
    0.909757133   60.318857525   44.507318631
    0.980055573   64.464910754   73.028074384
    1.050354014   70.456789238   96.596059173
    1.120652455   77.893690411  113.236191165
    1.190950895   85.999092819  113.515551416
    1.261249336   93.297454741   89.922425655
    1.331547776   98.080342821   43.319318792
    1.401846217   99.212942295  -10.934225850
    1.472144657   96.789492268  -55.404070138
    1.542443098   91.950027290  -77.786155734
    1.612741538   86.408223680  -76.675107110
    1.683039979   81.492559409  -62.267259533
    1.753338420   77.619523878  -48.398621060
    1.823636860   74.491642362  -42.856932553
    1.893935301   71.268669206  -50.930181520
    1.964233741   67.096972554  -68.834730246
    2.034532182   61.483680831  -90.955540344
    2.104830622   54.364994313 -110.382447977
    2.175129063   46.136741141 -121.915918555
    2.245427503   37.544518973 -119.457745298
    2.315725944   29.756729662  -98.783333515
    2.386024385   24.046509556  -61.471865218
    2.456322825   21.162172985  -21.162710888
    2.526621266   20.755881748    5.884315675
    2.596919706   21.340306084    6.092355433
    2.667218147   21.129976780  -14.093873747
    2.737516587   19.278606175  -37.843922900
    2.807815028   16.093421948  -50.116375695
    2.878113469   12.592782518  -46.869189374
    2.948411909    9.772223051  -32.300202105
    3.018710350    8.084014790  -15.703047630
    3.089008790    7.470357160   -2.811881862
    3.159307231    7.591276156    5.334177125
    3.229605671    8.113268308    8.643048517
    3.299904112    8.752639506    9.331054784
    3.370202552    9.388540287    8.596078987
    3.440500993    9.957195547    7.406192002
    3.510799434   10.428271544    5.903254391
    3.581097874   10.766949164    3.498386773
    3.651396315   10.881295719   -0.402833007
    3.721694755   10.725694829   -3.577467810
    3.791993196   10.482514279   -3.007070694
    3.862291636   10.295233815   -2.312662821
    3.932590077   10.115889279   -3.101813098
    4.002888517    9.812698977   -5.837473562
    4.073186958    9.282937440   -9.038053844
    4.143485399    8.616114749   -9.492775011
    4.213783839    8.038964346   -6.529606078
    4.284082280    7.753324450   -1.613962500
    4.354380720    7.766356683    1.349147461
    4.424679161    7.836269700    0.042973689
    4.494977601    7.694100422   -4.580340784
    4.565276042    7.202948760   -9.089264017
    4.635574483    6.503129694  -10.257752750
    4.705872923    5.865929984   -7.686164166
    4.776171364    5.433509612   -4.652390219
    4.846469804    5.207584796   -2.071503868
    4.916768245    5.103259474   -1.137045824
    4.987066685    5.023907052   -0.977981701
    5.057365126    4.980013823   -0.209534017
    5.127663566    5.102597971    4.292864242
    5.197962007    5.604531228    9.610438825
    5.268260448    6.322988922   10.273665780
    5.338558888    6.964418058    7.546582570
    5.408857329    7.367882200    3.756236260
    5.479155769    7.518297725    0.582984418
    5.549454210    7.497396199   -0.883066171
    5.619752650    7.421345210   -1.343857329
    5.690051091    7.339784033   -1.302046960
    5.760349531    7.239193043   -1.828263883
    5.830647972    7.111954261   -1.852323633
    5.900946413    6.999644298   -1.400949291
    5.971244853    6.924697798   -0.434035714
    6.041543294    6.902075592   -0.262423641
    6.111841734    6.845693476   -1.615852379
    6.182140175    6.688761757   -2.889149196
    6.252438615    6.452630462   -3.537530826
    6.322737056    6.183728447   -3.974589300
    6.393035497    5.901481756   -4.023539070
    6.463333937    5.608895028   -4.442412881
    6.533632378    5.292970999   -4.363318443
    6.603930818    5.029350568   -3.396539855
    6.674229259    4.819486723   -2.023072248
    6.744527699    4.786929027    0.959857729
    6.814826140    4.970936187    3.766040276
    6.885124580    5.286467762    4.658818064
    6.955423021    5.600188837    3.893559960
    7.025721462    5.831763592    2.550331197
    7.096019902    5.993844399    2.260674367
    7.166318343    6.237387185    4.875894488
    7.236616783    6.746283377    9.360955291
    7.306915224    7.532752297   12.407323733
    7.377213664    8.407163635   11.673444556
    7.447512105    9.053864958    6.477281155
    7.517810545    9.283405790    0.090026058
    7.588108986    9.105369136   -4.625510758
    7.658407427    8.767829770   -3.630418505
    7.728705867    8.722502602    3.076117337
    7.799004308    9.189641029    9.283363296
    7.869302748    9.856616410    8.032173843
    7.939601189    9.914566497  -17.458651394
    8.009899629    8.081926718  -32.468947930
    8.080198070    6.025144271  -19.741998720
    8.150496510    6.075252828   24.631752890
    8.220794951    9.375004454   63.357337313
    8.291093392   13.488858589   40.177209169
    8.361391832   13.321913916  -52.072390965
    8.431690273    6.592704225 -123.584845484
    8.501988713    0.000000000  -24.211832991
    8.572287154    9.462509486  336.333919522
    8.642585594   51.817404319  884.907922589
    8.712884035  133.262523545 1406.997407606
    8.783182476  243.725230099 1681.588244338
    8.853480916  361.685031218 1620.746874255
    8.923779357  465.454311965 1301.415409298
    8.994077797  542.413921061  885.989706885
    9.064376238  591.221476033  518.361210188
    9.134674678  617.975908915  262.627766537
    9.204973119  630.718956317  115.646173371
    9.275271559  636.003721292   44.205147214
    9.345570000  637.791663128   -0.000000000
