#! FIELDS time d_abs s2.mean
 0.000000 8.129747 0.819221
 1000.000000 0.050121 0.827905
 2000.000000 2.189137 0.817860
 3000.000000 8.505322 0.806700
 4000.000000 3.127989 0.813595
 5000.000000 8.178762 0.827043
 6000.000000 6.289299 0.805994
 7000.000000 3.320129 0.833211
 8000.000000 8.509693 0.831512
 9000.000000 5.718529 0.821959
 10000.000000 2.314731 0.838439
 11000.000000 3.104583 0.831738
 12000.000000 5.616653 0.810524
 13000.000000 5.253097 0.803515
 14000.000000 4.872250 0.830676
 15000.000000 8.197345 0.832914
 16000.000000 5.641750 0.832822
 17000.000000 3.252536 0.835311
 18000.000000 6.841609 0.828450
 19000.000000 8.285206 0.840557
 20000.000000 8.509678 0.830873
 21000.000000 7.239232 0.832947
 22000.000000 4.854522 0.839556
 23000.000000 5.356651 0.818686
 24000.000000 6.781361 0.815939
 25000.000000 6.743259 0.817734
 26000.000000 3.684951 0.829840
 27000.000000 2.677830 0.831463
 28000.000000 2.472378 0.833004
 29000.000000 0.532993 0.819734
 30000.000000 0.007889 0.814529
 31000.000000 1.366118 0.803755
 32000.000000 1.819157 0.803416
 33000.000000 2.161963 0.815821
 34000.000000 1.144332 0.842490
 35000.000000 0.844106 0.821521
 36000.000000 1.112661 0.824324
 37000.000000 0.656320 0.824037
 38000.000000 1.912740 0.824800
 39000.000000 2.521011 0.825677
 40000.000000 2.948510 0.805513
 41000.000000 3.802942 0.808355
 42000.000000 6.853694 0.833235
 43000.000000 6.531394 0.830847
 44000.000000 7.960363 0.831160
 45000.000000 5.497864 0.817967
 46000.000000 3.768933 0.836680
 47000.000000 2.719148 0.845895
 48000.000000 4.758047 0.840744
 49000.000000 7.359764 0.843879
 50000.000000 4.478641 0.825487
 51000.000000 4.376081 0.837078
 52000.000000 7.493259 0.839447
 53000.000000 7.620927 0.837121
 54000.000000 8.137284 0.831074
 55000.000000 7.293737 0.826379
 56000.000000 6.381319 0.822560
 57000.000000 3.163878 0.824732
 58000.000000 7.757068 0.830682
 59000.000000 4.259464 0.831247
 60000.000000 2.791866 0.839959
 61000.000000 5.138383 0.849556
 62000.000000 2.556039 0.841029
 63000.000000 2.123232 0.851194
 64000.000000 2.271419 0.851365
 65000.000000 3.117004 0.843633
 66000.000000 2.921343 0.851906
 67000.000000 5.829892 0.849373
 68000.000000 8.171389 0.842779
 69000.000000 8.008908 0.836186
 70000.000000 4.786325 0.840992
 71000.000000 6.934698 0.821987
 72000.000000 6.629179 0.849372
 73000.000000 4.704697 0.837197
 74000.000000 3.769740 0.840513
 75000.000000 6.726026 0.827791
 76000.000000 6.562684 0.828106
 77000.000000 8.505436 0.821682
 78000.000000 8.513374 0.823363
 79000.000000 8.512632 0.810241
 80000.000000 8.511164 0.825696
 81000.000000 8.509343 0.818530
 82000.000000 8.510044 0.827610
 83000.000000 8.509782 0.833726
 84000.000000 8.513507 0.837216
 85000.000000 8.512391 0.829341
 86000.000000 7.901199 0.816108
 87000.000000 6.949198 0.825829
 88000.000000 5.045146 0.827596
 89000.000000 3.804792 0.825701
 90000.000000 5.200045 0.836822
 91000.000000 5.253022 0.829944
 92000.000000 3.797284 0.819332
 93000.000000 3.113985 0.832929
 94000.000000 3.141723 0.835292
 95000.000000 2.730683 0.828211
 96000.000000 2.521914 0.834505
 97000.000000 2.535328 0.840206
 98000.000000 2.209698 0.834986
 99000.000000 1.615689 0.844768
 100000.000000 1.062477 0.833199
 101000.000000 0.483502 0.833277
 102000.000000 1.142095 0.821571
 103000.000000 1.466470 0.825030
 104000.000000 1.828606 0.839820
 105000.000000 1.687962 0.833960
 106000.000000 1.422190 0.822600
 107000.000000 0.804656 0.806386
 108000.000000 0.000756 0.825527
 109000.000000 0.000315 0.827963
 110000.000000 0.001884 0.837430
 111000.000000 0.003575 0.838599
 112000.000000 0.003515 0.832936
 113000.000000 0.003925 0.832073
 114000.000000 0.000414 0.841374
 115000.000000 1.213215 0.840514
 116000.000000 0.515726 0.824947
 117000.000000 0.905468 0.844312
 118000.000000 0.989616 0.839981
 119000.000000 1.093231 0.848355
 120000.000000 1.518473 0.836559
 121000.000000 1.935317 0.831650
 122000.000000 1.949876 0.829200
 123000.000000 2.123671 0.826619
 124000.000000 2.109347 0.825044
 125000.000000 5.664202 0.828611
 126000.000000 7.486386 0.834416
 127000.000000 7.592080 0.831387
 128000.000000 5.787040 0.817800
 129000.000000 5.791537 0.834792
 130000.000000 5.353490 0.837777
 131000.000000 4.898634 0.831703
 132000.000000 3.864910 0.822397
 133000.000000 4.692862 0.825419
 134000.000000 5.321146 0.841844
 135000.000000 7.457637 0.815135
 136000.000000 7.340796 0.828351
 137000.000000 7.632315 0.832517
 138000.000000 6.796481 0.819238
 139000.000000 3.882689 0.830660
 140000.000000 5.679944 0.836845
 141000.000000 4.275527 0.838264
 142000.000000 3.885547 0.846515
 143000.000000 3.808454 0.837854
 144000.000000 5.389958 0.831425
 145000.000000 6.358635 0.829478
 146000.000000 4.700677 0.815657
 147000.000000 7.972036 0.826509
 148000.000000 6.807519 0.819656
 149000.000000 7.481573 0.831591
 150000.000000 7.753740 0.842309
 151000.000000 4.987831 0.829052
 152000.000000 3.999447 0.828207
 153000.000000 5.378419 0.840740
 154000.000000 3.312583 0.827010
 155000.000000 2.654176 0.831751
 156000.000000 6.021824 0.845175
 157000.000000 6.064167 0.846135
 158000.000000 4.554192 0.830068
 159000.000000 3.893622 0.835328
 160000.000000 6.110883 0.837429
 161000.000000 8.079035 0.808645
 162000.000000 7.668436 0.808713
 163000.000000 6.440497 0.831407
 164000.000000 8.181528 0.824121
 165000.000000 5.705100 0.837928
 166000.000000 2.697363 0.823843
 167000.000000 2.802434 0.829951
 168000.000000 2.963678 0.822127
 169000.000000 2.421660 0.831174
 170000.000000 2.292293 0.814765
 171000.000000 2.221533 0.827847
 172000.000000 2.111495 0.816308
 173000.000000 2.057647 0.813079
 174000.000000 2.083983 0.838597
 175000.000000 2.066412 0.809594
 176000.000000 2.332602 0.828913
 177000.000000 2.326349 0.816271
 178000.000000 1.990878 0.820814
 179000.000000 2.040926 0.831659
 180000.000000 1.895504 0.825257
 181000.000000 1.857579 0.836020
 182000.000000 1.843642 0.829277
 183000.000000 1.648050 0.841337
 184000.000000 1.631753 0.830452
 185000.000000 1.758332 0.829954
 186000.000000 1.716944 0.819128
 187000.000000 1.523646 0.837549
 188000.000000 1.680462 0.839590
 189000.000000 1.512402 0.818787
 190000.000000 1.394421 0.839688
 191000.000000 1.234651 0.841838
 192000.000000 0.879109 0.842679
 193000.000000 0.510817 0.851952
 194000.000000 0.439378 0.834122
 195000.000000 0.370031 0.844029
 196000.000000 0.740425 0.831443
 197000.000000 0.884931 0.837208
 198000.000000 0.688994 0.839260
 199000.000000 0.781207 0.824639
 200000.000000 0.375210 0.834838
