#! FIELDS d_abs file.free der_d_abs
#! SET min_d_abs -0.707107
#! SET max_d_abs 9.26079
#! SET nbins_d_abs  142
#! SET periodic_d_abs false
   -0.707107000  616.703133289   -0.000000000
   -0.636412695  615.197971460  -37.352729534
   -0.565718390  610.647149564  -99.691842365
   -0.495024085  599.541316775 -228.461496871
   -0.424329780  576.052213743 -453.779585418
   -0.353635475  532.958438950 -780.177686325
   -0.282941170  464.605305231 -1152.402796392
   -0.212246865  371.875478822 -1444.832993184
   -0.141552560  265.686483030 -1511.981671394
   -0.070858255  165.204153256 -1282.939060646
   -0.000163950   89.640011763 -831.943983043
    0.070530355   48.246567905 -352.487540241
    0.141224660   35.921795508  -33.333588101
    0.211918965   38.122765682   61.858983960
    0.282613270   41.326400292   16.648338568
    0.353307574   40.348438006  -36.724292187
    0.424001879   37.765455226  -24.182877525
    0.494696184   38.147135975   38.086188028
    0.565390489   42.823897685   87.625872986
    0.636084794   49.352092293   88.892628518
    0.706779099   54.514431316   54.548916807
    0.777473404   56.567101921   16.399853553
    0.848167709   57.423202607   11.944333933
    0.918862014   58.743534919   28.009056936
    0.989556319   61.522807491   50.491687894
    1.060250624   65.712755884   66.691194015
    1.130944929   70.883324032   79.871644437
    1.201639234   76.981925140   92.178433180
    1.272333539   83.704154486   95.383958410
    1.343027844   89.945556137   76.593091086
    1.413722149   93.902858648   31.368182706
    1.484416454   94.027125576  -27.792629902
    1.555110759   90.322210728  -72.398985144
    1.625805064   84.657448112  -81.036451736
    1.696499369   79.686054576  -55.345781732
    1.767193674   77.098519436  -17.834013448
    1.837887979   76.902745624    9.252405827
    1.908582284   77.964366927   17.682832576
    1.979276589   79.143612840   14.675811987
    2.049970894   80.090742495   13.569155770
    2.120665199   81.241102469   20.176705780
    2.191359504   83.022412112   30.306374320
    2.262053809   85.467444850   38.161243111
    2.332748113   88.262390391   40.413390429
    2.403442418   91.078691819   38.324205960
    2.474136723   93.605316172   33.099087996
    2.544831028   95.800963846   29.200038680
    2.615525333   97.703017352   24.193917841
    2.686219638   99.140941752   15.703606775
    2.756913943   99.842496799    3.604415515
    2.827608248   99.616920159   -9.968294334
    2.898302553   98.478215563  -21.099565397
    2.968996858   96.742781542  -26.944730767
    3.039691163   94.756174702  -28.684446889
    3.110385468   92.727168266  -28.197573173
    3.181079773   90.837173736  -24.654512918
    3.251774078   89.310299424  -18.418324212
    3.322468383   88.260319916  -11.121268333
    3.393162688   87.696433506   -5.786788693
    3.463856993   87.385019855   -3.408890748
    3.534551298   87.132851632   -4.271648980
    3.605245603   86.754377599   -6.381476453
    3.675939908   86.262679372   -7.280970996
    3.746634213   85.752548440   -6.855202039
    3.817328518   85.286925416   -6.812348843
    3.888022823   84.778862316   -7.723598347
    3.958717128   84.245608463   -7.093251356
    4.029411433   83.845544091   -3.471314348
    4.100105738   83.849154639    3.884559351
    4.170800043   84.431231453   12.531074070
    4.241494348   85.589927526   19.300236830
    4.312188652   87.052644957   21.664360192
    4.382882957   88.532637297   20.020552602
    4.453577262   89.869924655   17.673372089
    4.524271567   90.999060119   14.235007787
    4.594965872   91.859798910    9.794435963
    4.665660177   92.371115825    4.220908317
    4.736354482   92.429760364   -2.496275138
    4.807048787   92.058667008   -7.658834297
    4.877743092   91.448265964   -9.455195123
    4.948437397   90.786749628   -9.233902202
    5.019131702   90.181091032   -7.915092853
    5.089826007   89.661711283   -7.112253986
    5.160520312   89.201376617   -5.733776113
    5.231214617   88.858819209   -3.548913908
    5.301908922   88.734333858   -0.092149179
    5.372603227   88.823945045    2.096583924
    5.443297532   88.995915007    2.449285181
    5.513991837   89.161692713    2.224043111
    5.584686142   89.348251733    3.524099535
    5.655380447   89.696878257    6.184807634
    5.726074752   90.242900021    9.268324610
    5.796769057   90.953718622   10.568515968
    5.867463362   91.669094278    9.123975558
    5.938157667   92.224356644    6.511877694
    6.008851972   92.590220056    3.952407953
    6.079546277   92.750991666    0.728356138
    6.150240582   92.680554437   -2.703886905
    6.220934887   92.416258442   -4.735035530
    6.291629191   92.067034150   -4.934536019
    6.362323496   91.782619046   -3.416690146
    6.433017801   91.639314828   -1.163094837
    6.503712106   91.603659099   -0.139111993
    6.574406411   91.645525776    1.579656647
    6.645100716   91.809571744    3.276355672
    6.715795021   92.094726623    4.147088418
    6.786489326   92.355686390    2.830327180
    6.857183631   92.464594462   -0.148363334
    6.927877936   92.380335921   -1.944827148
    6.998572241   92.235997943   -1.715713467
    7.069266546   92.190572883    0.578778638
    7.139960851   92.308713278    2.656229212
    7.210655156   92.498938664    2.281638304
    7.281349461   92.569782480   -0.433293694
    7.352043766   92.464007734   -2.624660297
    7.422738071   92.209397915   -4.313088372
    7.493432376   91.898239279   -4.022172674
    7.564126681   91.722591539   -0.249529030
    7.634820986   91.911523103    5.654831732
    7.705515291   92.499005367    9.947641166
    7.776209596   93.088506249    4.855178939
    7.846903901   92.924280748  -23.551053471
    7.917598206   90.376953685  -47.288962238
    7.988292511   86.616786946  -55.766164843
    8.058986816   82.818591997  -51.485612637
    8.129681121   78.799432645  -70.406456091
    8.200375426   71.284290699 -155.097912999
    8.271069730   55.473859903 -295.505887396
    8.341764035   30.678075344 -384.545289511
    8.412458340    6.034823695 -266.840506977
    8.483152645    0.000000000  143.246627619
    8.553846950   31.239117473  758.305852059
    8.624541255  106.557309535 1345.716266090
    8.695235560  215.179946646 1669.789449534
    8.765929865  334.077612322 1636.153579210
    8.836624170  439.874538743 1324.073069201
    8.907318475  518.798416274  905.314339537
    8.978012780  568.974355640  530.042810978
    9.048707085  596.454134979  267.818209694
    9.119401390  609.509702345  117.563630363
    9.190095695  614.897096939   44.644940539
    9.260790000  616.703133289    0.001909043
