#! FIELDS time d_abs s2.mean
 0.000000 7.927947 0.836215
 1000.000000 4.904783 0.837394
 2000.000000 5.752865 0.856856
 3000.000000 8.170332 0.842149
 4000.000000 0.760686 0.838027
 5000.000000 1.703662 0.847065
 6000.000000 1.438514 0.838287
 7000.000000 3.927348 0.852507
 8000.000000 3.980212 0.832962
 9000.000000 2.792425 0.810044
 10000.000000 8.642160 0.842650
 11000.000000 8.158374 0.832450
 12000.000000 3.687557 0.849935
 13000.000000 2.606454 0.832003
 14000.000000 8.290792 0.843141
 15000.000000 3.913073 0.844551
 16000.000000 6.194395 0.834262
 17000.000000 7.487582 0.831401
 18000.000000 5.419903 0.833086
 19000.000000 4.204935 0.849130
 20000.000000 3.594706 0.826681
 21000.000000 8.083465 0.821326
 22000.000000 5.433858 0.841355
 23000.000000 2.778263 0.839924
 24000.000000 0.524000 0.830925
 25000.000000 1.253347 0.838240
 26000.000000 0.017895 0.826429
 27000.000000 0.000687 0.844877
 28000.000000 0.000788 0.829369
 29000.000000 0.013326 0.845358
 30000.000000 0.511200 0.837825
 31000.000000 1.328823 0.844848
 32000.000000 1.144668 0.849020
 33000.000000 0.464303 0.836689
 34000.000000 1.845049 0.839243
 35000.000000 1.645685 0.856682
 36000.000000 2.374550 0.839203
 37000.000000 5.838688 0.840385
 38000.000000 7.280727 0.848812
 39000.000000 4.129482 0.860771
 40000.000000 7.327944 0.826919
 41000.000000 7.131841 0.834579
 42000.000000 8.646745 0.848877
 43000.000000 8.641249 0.840226
 44000.000000 7.786621 0.835317
 45000.000000 3.051314 0.837906
 46000.000000 2.300074 0.817928
 47000.000000 1.668736 0.832903
 48000.000000 1.268350 0.848557
 49000.000000 1.031628 0.856702
 50000.000000 1.471269 0.839934
 51000.000000 2.000926 0.851087
 52000.000000 2.564068 0.854529
 53000.000000 5.914543 0.857000
 54000.000000 6.596729 0.844061
 55000.000000 3.693176 0.844931
 56000.000000 8.063814 0.827094
 57000.000000 6.748143 0.842215
 58000.000000 7.542249 0.844814
 59000.000000 7.948490 0.838176
 60000.000000 4.165952 0.841414
 61000.000000 4.973426 0.854865
 62000.000000 3.422896 0.841762
 63000.000000 5.005326 0.847449
 64000.000000 4.901337 0.853611
 65000.000000 5.303987 0.839438
 66000.000000 3.719997 0.834896
 67000.000000 2.691029 0.837010
 68000.000000 6.869795 0.854778
 69000.000000 8.307580 0.839966
 70000.000000 5.829164 0.846880
 71000.000000 7.443206 0.840075
 72000.000000 6.496797 0.839152
 73000.000000 3.789557 0.829648
 74000.000000 3.080910 0.828554
 75000.000000 1.903943 0.827490
 76000.000000 2.065092 0.823939
 77000.000000 0.689780 0.831388
 78000.000000 0.476936 0.846661
 79000.000000 0.391413 0.832293
 80000.000000 0.931587 0.837714
 81000.000000 1.031522 0.820098
 82000.000000 1.039675 0.838294
 83000.000000 1.217033 0.832147
 84000.000000 0.730104 0.829487
 85000.000000 1.324250 0.841023
 86000.000000 1.552502 0.832241
 87000.000000 1.877316 0.834920
 88000.000000 2.380492 0.833117
 89000.000000 2.290898 0.825094
 90000.000000 2.116429 0.831848
 91000.000000 2.641101 0.842429
 92000.000000 3.732748 0.839489
 93000.000000 5.498228 0.821501
 94000.000000 7.422967 0.829459
 95000.000000 7.873405 0.836906
 96000.000000 6.620586 0.846777
 97000.000000 4.637873 0.839590
 98000.000000 3.263079 0.842045
 99000.000000 7.192985 0.840514
 100000.000000 6.763620 0.838452
 101000.000000 5.482378 0.854934
 102000.000000 5.925072 0.857594
 103000.000000 4.016652 0.844822
 104000.000000 3.942079 0.844014
 105000.000000 3.803542 0.838405
 106000.000000 7.559946 0.838377
 107000.000000 6.276757 0.822095
 108000.000000 5.449611 0.842766
 109000.000000 8.089573 0.833024
 110000.000000 3.110513 0.838729
 111000.000000 3.625830 0.831698
 112000.000000 7.316082 0.827219
 113000.000000 6.944312 0.840694
 114000.000000 8.642507 0.851659
 115000.000000 8.640047 0.841759
 116000.000000 8.646502 0.842993
 117000.000000 8.639601 0.837020
 118000.000000 8.645078 0.838062
 119000.000000 8.645085 0.831013
 120000.000000 8.642670 0.852583
 121000.000000 8.643832 0.841188
 122000.000000 8.642088 0.833856
 123000.000000 8.645331 0.853221
 124000.000000 8.638707 0.836578
 125000.000000 8.643669 0.834089
 126000.000000 8.643449 0.830714
 127000.000000 8.646235 0.822052
 128000.000000 8.628879 0.824035
 129000.000000 8.639800 0.826482
 130000.000000 8.645115 0.827009
 131000.000000 8.644469 0.838668
 132000.000000 8.626289 0.834199
 133000.000000 8.646821 0.837059
 134000.000000 8.644982 0.827288
 135000.000000 8.645331 0.845649
 136000.000000 8.645950 0.848299
 137000.000000 8.641388 0.838166
 138000.000000 8.646495 0.845327
 139000.000000 8.645893 0.830765
 140000.000000 8.646198 0.831363
 141000.000000 8.640301 0.836613
 142000.000000 8.644242 0.846016
 143000.000000 8.645861 0.855125
 144000.000000 8.645514 0.845920
 145000.000000 8.638476 0.852107
 146000.000000 7.447640 0.845505
 147000.000000 3.854886 0.827516
 148000.000000 3.702346 0.837131
 149000.000000 5.838079 0.835236
 150000.000000 5.670798 0.833363
 151000.000000 8.011758 0.835608
 152000.000000 7.906909 0.837836
 153000.000000 3.964125 0.838339
 154000.000000 3.572662 0.833608
 155000.000000 2.676322 0.825490
 156000.000000 2.534303 0.838046
 157000.000000 2.256223 0.821965
 158000.000000 1.421246 0.838534
 159000.000000 1.652553 0.836544
 160000.000000 1.787429 0.827935
 161000.000000 1.594353 0.831390
 162000.000000 1.316150 0.840217
 163000.000000 1.396254 0.818652
 164000.000000 0.294196 0.848476
 165000.000000 0.268979 0.831873
 166000.000000 0.373316 0.844574
 167000.000000 0.771760 0.841788
 168000.000000 0.651593 0.849425
 169000.000000 0.714973 0.823669
 170000.000000 0.805050 0.834264
 171000.000000 0.262134 0.833388
 172000.000000 0.001937 0.823121
 173000.000000 0.001785 0.810676
 174000.000000 0.000276 0.835858
 175000.000000 0.009513 0.841516
 176000.000000 0.005768 0.853633
 177000.000000 0.001337 0.856670
 178000.000000 0.000733 0.848612
 179000.000000 0.000713 0.834178
 180000.000000 0.004513 0.840508
 181000.000000 0.000162 0.847899
 182000.000000 0.000162 0.849320
 183000.000000 0.000204 0.853365
 184000.000000 0.002919 0.833861
 185000.000000 0.003737 0.832551
 186000.000000 0.002398 0.823401
 187000.000000 0.001314 0.839690
 188000.000000 0.009914 0.833635
 189000.000000 0.003590 0.842408
 190000.000000 0.004687 0.824122
 191000.000000 0.010942 0.835272
 192000.000000 0.000863 0.836789
 193000.000000 0.003115 0.835431
 194000.000000 0.003739 0.825045
 195000.000000 0.001877 0.819246
 196000.000000 0.002775 0.834464
 197000.000000 0.000679 0.839205
 198000.000000 0.002261 0.816999
 199000.000000 0.003213 0.819722
 200000.000000 0.004673 0.826725
