#! FIELDS d_abs file.free der_d_abs
#! SET min_d_abs -0.707107
#! SET max_d_abs 9.34488
#! SET nbins_d_abs  144
#! SET periodic_d_abs false
   -0.707107000  916.484736600   -0.000000000
   -0.636813385  913.565139099  -71.127304932
   -0.566519769  905.093906076 -185.002654151
   -0.496226154  884.756291926 -418.416627748
   -0.425932538  842.261162528 -821.526559200
   -0.355638923  765.166623551 -1394.797480359
   -0.285345308  644.654756130 -2027.120637116
   -0.215051692  484.181376217 -2486.453247618
   -0.144758077  305.408096477 -2510.225878056
   -0.074464462  144.562706909 -1976.763092359
   -0.004170846   37.298378551 -1033.969178382
    0.066122769    0.000000000  -56.699623856
    0.136416385   21.154126444  580.357533094
    0.206710000   69.859292097  727.174411809
    0.277003615  114.768406740  511.252493136
    0.347297231  139.421142006  195.170203809
    0.417590846  144.815271259  -14.936273155
    0.487884462  141.074420566  -68.304428643
    0.558178077  137.511049650  -24.287974358
    0.628471692  138.000556743   36.076715988
    0.698765308  141.961208146   71.622735840
    0.769058923  146.548697030   71.747111536
    0.839352538  151.892614548   78.105522664
    0.909646154  157.429621541   79.585611902
    0.979939769  163.171757985   84.551122445
    1.050233385  169.517122029   97.616271336
    1.120527000  177.098455275  119.659922205
    1.190820615  186.427308515  145.508253158
    1.261114231  197.424523395  165.296135141
    1.331407846  209.328500911  170.489325256
    1.401701462  221.055884068  161.328575472
    1.471995077  231.873386355  147.081190206
    1.542288692  241.985654911  143.097725018
    1.612582308  252.347480638  153.953346820
    1.682875923  263.709677410  168.988408939
    1.753169538  275.819834755  173.627988060
    1.823463154  287.787405042  165.199548901
    1.893756769  298.989074207  154.473669675
    1.964050385  309.732497466  153.050001738
    2.034344000  320.642688011  156.850275206
    2.104637615  331.559625516  151.126456163
    2.174931231  341.412195684  125.532120139
    2.245224846  348.905588910   86.783349518
    2.315518462  353.828091029   56.492434938
    2.385812077  357.451359749   51.000721806
    2.456105692  361.559905781   67.823917036
    2.526399308  367.042573406   86.538789647
    2.596692923  373.347120442   89.424480008
    2.666986538  379.247904085   76.427166579
    2.737280154  384.050503134   60.943974390
    2.807573769  388.081484351   56.807575023
    2.877867385  392.452796586   70.171657553
    2.948161000  398.173726136   93.546279226
    3.018454615  405.658645326  118.931069444
    3.088748231  414.664098561  135.807490758
    3.159041846  424.493746986  141.657074101
    3.229335462  434.293410329  135.595491203
    3.299629077  443.354349498  121.669904934
    3.369922692  451.308978775  104.374528994
    3.440216308  458.005057445   85.604468099
    3.510509923  463.378189672   67.392957672
    3.580803538  467.397451811   46.438643086
    3.651097154  469.872086079   23.643910539
    3.721390769  470.730250669    1.205040998
    3.791684385  470.219290437  -14.536981300
    3.861978000  468.887987309  -21.840404065
    3.932271615  467.347907434  -20.987320923
    4.002565231  466.007250640  -17.052564367
    4.072858846  464.958793400  -13.241152004
    4.143152462  464.110985718  -11.107347485
    4.213446077  463.388644591   -8.410363115
    4.283739692  463.023422949   -1.445955698
    4.354033308  463.194737746    6.251714061
    4.424326923  463.831210888   11.000972263
    4.494620538  464.524087976    7.663954096
    4.564914154  464.751504049   -2.050461682
    4.635207769  464.144083078  -15.188887358
    4.705501385  462.683795454  -25.110129298
    4.775795000  460.808912008  -26.998009280
    4.846088615  459.049234387  -22.057497801
    4.916382231  457.831112394  -12.447719525
    4.986675846  457.259399189   -4.464466208
    5.056969462  457.163596333    1.065732690
    5.127263077  457.290653614    1.750632939
    5.197556692  457.389215931    0.728809097
    5.267850308  457.376683768   -1.256875626
    5.338143923  457.219175153   -3.322380449
    5.408437538  456.871299134   -6.535739907
    5.478731154  456.336462347   -8.237810245
    5.549024769  455.764947196   -7.309590949
    5.619318385  455.396490475   -2.714166920
    5.689612000  455.387663535    1.876924124
    5.759905615  455.585832421    3.127173769
    5.830199231  455.732908632    0.721268317
    5.900492846  455.618172847   -3.341860516
    5.970786462  455.286046178   -5.321646507
    6.041080077  454.973786864   -2.780512538
    6.111373692  454.951879509    2.226172908
    6.181667308  455.272789674    6.504209265
    6.251960923  455.835979640    9.374628907
    6.322254538  456.564480627   11.201992418
    6.392548154  457.380658217   12.003339022
    6.462841769  458.258076026   12.873220799
    6.533135385  459.153969896   12.554696202
    6.603429000  460.043390223   12.997611927
    6.673722615  461.030919225   15.561890751
    6.744016231  462.301892745   21.003007301
    6.814309846  463.951743178   25.771263356
    6.884603462  465.888848306   29.085433395
    6.954897077  467.898939810   27.693113012
    7.025190692  469.704776766   22.855033518
    7.095484308  471.025169385   13.953363305
    7.165777923  471.654328957    3.637868130
    7.236071538  471.499821942   -7.813775386
    7.306365154  470.580206662  -17.626115175
    7.376658769  469.134305265  -22.580036394
    7.446952385  467.575769072  -20.622471642
    7.517246000  466.365479272  -13.455419589
    7.587539615  465.720134293   -4.579568326
    7.657833231  465.717343471    4.398940666
    7.728126846  466.243763205    9.609576437
    7.798420462  466.893217716    7.696027637
    7.868714077  467.180795069    0.089282556
    7.939007692  466.777426651  -18.176583841
    8.009301308  465.401067779  -17.353860378
    8.079594923  464.916786750    7.274608026
    8.149888538  466.643873958   40.163262710
    8.220182154  469.693009288   36.108396318
    8.290475769  469.874902861  -44.648793095
    8.360769385  461.954497044 -184.027656941
    8.431063000  445.054432188 -277.569366257
    8.501356615  427.241200775 -189.985426205
    8.571650231  424.201972411  141.941917318
    8.641943846  451.110481557  636.410092953
    8.712237462  512.896940587 1098.523217606
    8.782531077  600.340238376 1342.791839129
    8.852824692  694.877475749 1301.791581963
    8.923118308  778.276031773 1045.961865237
    8.993411923  840.098085192  711.622438505
    9.063705538  879.273030724  415.890612770
    9.133999154  900.707991298  210.100922633
    9.204292769  910.884434663   92.103554809
    9.274586385  915.079621106   35.008247054
    9.344880000  916.484736600   -0.000000000
