#! FIELDS d_abs file.free der_d_abs
#! SET min_d_abs -0.707107
#! SET max_d_abs 9.34488
#! SET nbins_d_abs  144
#! SET periodic_d_abs false
   -0.707107000  916.484736600   -0.000000000
   -0.636813385  913.565139099  -71.127304932
   -0.566519769  905.093906076 -185.002654151
   -0.496226154  884.756291926 -418.416627748
   -0.425932538  842.261162528 -821.526559200
   -0.355638923  765.166623551 -1394.797480359
   -0.285345308  644.654756130 -2027.120637116
   -0.215051692  484.181376217 -2486.453247618
   -0.144758077  305.408096477 -2510.225878056
   -0.074464462  144.562706909 -1976.763092359
   -0.004170846   37.298378551 -1033.969178382
    0.066122769    0.000000000  -56.699623856
    0.136416385   21.154126444  580.357533094
    0.206710000   69.859292097  727.174411809
    0.277003615  114.768406740  511.252493136
    0.347297231  139.421142006  195.170203809
    0.417590846  144.815271259  -14.936273155
    0.487884462  141.074420566  -68.304428643
    0.558178077  137.511049650  -24.287974358
    0.628471692  138.000556743   36.076715988
    0.698765308  141.961208146   71.622735840
    0.769058923  146.548697030   71.747111536
    0.839352538  151.892614548   78.105522664
    0.909646154  157.429621541   79.585611902
    0.979939769  163.171757985   84.551122445
    1.050233385  169.517122029   97.616271336
    1.120527000  177.098455275  119.659922205
    1.190820615  186.427308515  145.508253158
    1.261114231  197.424519142  165.295375275
    1.331407846  209.328015525  170.466703410
    1.401701462  221.048661320  161.087171719
    1.471995077  231.822365813  145.895455785
    1.542288692  241.783361367  139.690813405
    1.612582308  251.758276072  145.763028226
    1.682875923  262.255651100  151.727248381
    1.753169538  272.671546648  141.727650412
    1.823463154  281.718263074  113.184436661
    1.893756769  288.451612660   79.136694451
    1.964050385  293.110403059   56.060265986
    2.034344000  296.649052244   45.783313449
    2.104637615  299.590670102   37.245723067
    2.174931231  301.661316155   19.464413504
    2.245224846  302.160259175   -5.764664466
    2.315518462  301.039652853  -23.550071722
    2.385812077  299.308300994  -22.554375582
    2.456105692  298.265185994   -6.214030352
    2.526399308  298.394160856    7.972256154
    2.596692923  299.018730451    6.749461269
    2.666986538  299.055659824   -7.156131537
    2.737280154  298.026881668  -21.231675897
    2.807573769  296.311370614  -25.047065019
    2.877867385  294.802053618  -16.320878288
    2.948161000  294.091769645   -3.895058562
    3.018454615  294.211015638    6.540718266
    3.088748231  294.824117342   10.245457013
    3.159041846  295.572232332   10.399794703
    3.229335462  296.234142090    8.493921398
    3.299629077  296.761553017    7.051569585
    3.369922692  297.252643816    7.184928907
    3.440216308  297.794601083    7.892921702
    3.510509923  298.430337883   10.632644451
    3.580803538  299.247031621   12.351806630
    3.651097154  300.152741989   13.065422890
    3.721390769  301.038148388   11.771582904
    3.791684385  301.817012056   10.152197769
    3.861978000  302.442536338    7.532350747
    3.932271615  302.881744363    4.854225571
    4.002565231  303.103561676    1.282192067
    4.072858846  303.080993682   -2.085583317
    4.143152462  302.821803633   -5.192223189
    4.213446077  302.366889642   -6.743730650
    4.283739692  301.944032080   -4.911184331
    4.354033308  301.670491061   -2.832053248
    4.424326923  301.527845083   -1.447778421
    4.494620538  301.369440752   -3.157697463
    4.564914154  301.053898233   -6.005882554
    4.635207769  300.495130684   -9.750543163
    4.705501385  299.705801974  -12.105441953
    4.775795000  298.865533690  -11.619523382
    4.846088615  298.085155148  -10.497036131
    4.916382231  297.420471284   -8.585668088
    4.986675846  296.813302548   -9.213163715
    5.056969462  296.147315757   -9.789698832
    5.127263077  295.420820878  -10.899849760
    5.197556692  294.699342423   -9.225649605
    5.267850308  294.183968033   -5.276617442
    5.338143923  293.980330520   -0.780488975
    5.408437538  293.986345361    0.478463595
    5.478731154  293.997711016   -0.388222389
    5.549024769  293.897566309   -2.224725109
    5.619318385  293.729880395   -2.111571617
    5.689612000  293.636631513   -0.575265807
    5.759905615  293.670009678    1.684370969
    5.830199231  293.880998621    4.546072575
    5.900492846  294.271690987    7.126857347
    5.970786462  294.842365801    9.098706544
    6.041080077  295.528748035   10.318073379
    6.111373692  296.245899506    9.678208219
    6.181667308  296.858546216    7.517642411
    6.251960923  297.335442891    6.501533565
    6.322254538  297.833295270    7.991724497
    6.392548154  298.459402776    9.844713705
    6.462841769  299.201313386   10.875224684
    6.533135385  299.893667847    8.440187120
    6.603429000  300.372875712    5.325722117
    6.673722615  300.692333809    4.286440497
    6.744016231  301.054067193    6.482973909
    6.814309846  301.570342526    8.034948712
    6.884603462  302.147038918    8.122851633
    6.954897077  302.585403614    4.195320626
    7.025190692  302.719501996   -0.572521188
    7.095484308  302.509563420   -5.411806797
    7.165777923  302.049616560   -7.347775689
    7.236071538  301.510475834   -7.503636235
    7.306365154  301.023201152   -5.872949996
    7.376658769  300.721324797   -2.519467898
    7.446952385  300.698563637    1.927032116
    7.517246000  300.954607740    4.554192775
    7.587539615  301.240503071    3.259313456
    7.657833231  301.393829792    1.423173044
    7.728126846  301.464320675    0.651916864
    7.798420462  301.466261268   -0.755070299
    7.868714077  301.317238951   -3.404346156
    7.939007692  300.831682576  -21.175795534
    8.009301308  299.287120226  -19.156918917
    8.079594923  298.755593964    8.186193441
    8.149888538  300.690701234   44.800445107
    8.220182154  303.967939288   35.053644477
    8.290475769  303.198770526  -75.361095999
    8.360769385  291.356780701 -266.894079087
    8.431063000  266.958760312 -401.956470892
    8.501356615  240.653361178 -292.609881081
    8.571650231  233.985952897  157.443723652
    8.641943846  268.480228152  843.990032864
    8.712237462  351.887291589 1498.978512432
    8.782531077  472.145378293 1858.214133804
    8.852824692  603.618950400 1818.571180899
    8.923118308  720.539603933 1471.576654472
    8.993411923  807.760220146 1006.807971278
    9.063705538  863.304265164  591.082585131
    9.133999154  893.832512902  299.997407120
    9.204292769  908.392271341  132.136741127
    9.274586385  914.426466650   50.528002044
    9.344880000  916.484736600   -0.000000000
