#! FIELDS d_abs file.free der_d_abs
#! SET min_d_abs -0.707107
#! SET max_d_abs 9.41564
#! SET nbins_d_abs  145
#! SET periodic_d_abs false
   -0.707107000  676.941367685   -0.000000000
   -0.636810146  674.923900521  -49.522604889
   -0.566513292  668.997336272 -129.764595045
   -0.496216437  654.710724178 -294.415626615
   -0.425919583  624.719520796 -581.080678071
   -0.355622729  570.044416726 -991.596592689
   -0.285325875  484.087550349 -1451.194061690
   -0.215029021  368.648154646 -1797.891670216
   -0.144732167  238.420787372 -1844.649907965
   -0.074435312  118.681772351 -1498.091882054
   -0.004138458   34.962802344 -851.888503315
    0.066158396    0.000000000 -159.782604346
    0.136455250    7.194399267  312.320127595
    0.206752104   35.992129642  453.158850740
    0.277048958   64.852219576  339.283796244
    0.347345813   81.862960258  146.014224487
    0.417642667   86.885606190   13.054655709
    0.487939521   86.017321038  -23.341064011
    0.558236375   84.979210550   -0.473862295
    0.628533229   86.192153642   34.180552676
    0.698830083   89.509025668   58.408314385
    0.769126938   93.553604265   66.682927628
    0.839423792   98.852030515   82.394968586
    0.909720646  104.895159714   87.510389781
    0.980017500  110.872018599   80.953939011
    1.050314354  116.085750699   66.521831880
    1.120611208  120.251290480   53.045320177
    1.190908063  123.786714730   49.681214129
    1.261204917  127.438437650   55.146036944
    1.331501771  131.550727931   61.165698896
    1.401798625  135.837374960   58.917057774
    1.472095479  139.538744595   44.699895348
    1.542392333  142.001608251   25.683654390
    1.612689188  143.278873917   12.014761856
    1.682986042  143.897488983    7.111571435
    1.753282896  144.395283076    7.188115897
    1.823579750  144.679647191   -1.773626704
    1.893876604  143.742778906  -27.615735785
    1.964173458  140.535485627  -63.757111610
    2.034470313  134.916642656  -93.481573251
    2.104767167  127.865802774 -103.080222316
    2.175064021  120.897842446  -93.185664772
    2.245360875  114.892274538  -77.340404482
    2.315657729  109.969724275  -63.173897097
    2.385954583  105.978197254  -50.152908069
    2.456251438  102.861829411  -38.708280819
    2.526548292  100.437338370  -30.788736232
    2.596845146   98.269912949  -33.000901412
    2.667142000   95.518279264  -47.109619843
    2.737438854   91.549822613  -65.230092447
    2.807735708   86.569311594  -73.877645897
    2.878032563   81.589610735  -64.733991150
    2.948329417   77.818129180  -41.269606911
    3.018626271   75.779223401  -17.955196625
    3.088923125   75.079469066   -3.658805862
    3.159219979   75.065300060    2.235131364
    3.229516833   75.287612877    4.412237072
    3.299813688   75.736874002    8.722032431
    3.370110542   76.485271432   11.979356199
    3.440407396   77.306194275   10.398414950
    3.510704250   77.891161824    5.863958310
    3.581001104   78.087360937   -0.461912218
    3.651297958   77.857119546   -5.720678078
    3.721594813   77.334234321   -8.457617558
    3.791891667   76.694259114   -9.402859511
    3.862188521   75.962384183  -11.055563883
    3.932485375   75.146890466  -12.082510145
    4.002782229   74.290702533  -12.060691993
    4.073079083   73.459182365  -11.411389182
    4.143375938   72.724128223   -9.359671943
    4.213672792   72.160631731   -6.406814952
    4.283969646   71.821345866   -3.546510818
    4.354266500   71.656905010   -1.167845388
    4.424563354   71.647852004    0.703255351
    4.494860208   71.719909134    1.146978086
    4.565157062   71.802002057    1.402492268
    4.635453917   71.943173783    3.035294374
    4.705750771   72.192053610    4.435124802
    4.776047625   72.546138311    5.524891620
    4.846344479   72.921160069    4.840323313
    4.916641333   73.231688337    3.566683539
    4.986938188   73.393212174    0.719628371
    5.057235042   73.337726902   -2.401555119
    5.127531896   73.054168155   -5.530131845
    5.197828750   72.563761637   -7.990319473
    5.268125604   71.981129694   -8.058728734
    5.338422458   71.448799692   -7.143836308
    5.408719313   70.985309628   -6.247827771
    5.479016167   70.569306805   -5.367599104
    5.549313021   70.270476182   -2.528022160
    5.619609875   70.267030334    2.751823502
    5.689906729   70.634286611    6.914573611
    5.760203583   71.151299860    7.405004683
    5.830500438   71.530867045    2.835860110
    5.900797292   71.486018832   -4.106341068
    5.971094146   71.029176683   -7.689701039
    6.041391000   70.543507507   -5.101300416
    6.111687854   70.401834767    1.594980622
    6.181984708   70.711822106    6.486697302
    6.252281563   71.204884452    6.854211646
    6.322578417   71.623701411    4.814897170
    6.392875271   71.914582030    3.709156592
    6.463172125   72.207220001    4.610378906
    6.533468979   72.540086222    4.596471034
    6.603765833   72.775146344    1.555836824
    6.674062688   72.733972875   -2.965634309
    6.744359542   72.358448528   -7.454249204
    6.814656396   71.738562115   -9.799597988
    6.884953250   71.132381873   -6.895066536
    6.955250104   70.798360925   -2.488458623
    7.025546958   70.764674986    0.890183862
    7.095843813   70.880116248    1.838177740
    7.166140667   70.954578245    0.257093851
    7.236437521   70.899520121   -1.863630663
    7.306734375   70.735413120   -2.984966117
    7.377031229   70.527807790   -2.299760153
    7.447328083   70.453763425    0.510072684
    7.517624938   70.614504735    3.610349384
    7.587921792   70.845520934    2.389942751
    7.658218646   70.913691388   -0.004644546
    7.728515500   70.942382528    1.516688818
    7.798812354   71.259623392    7.927919749
    7.869109208   72.062580731   14.111283533
    7.939406063   73.150013389   16.135048337
    8.009702917   74.128873842    0.231127354
    8.079999771   74.062925626    0.497215410
    8.150296625   74.626199217   17.984147348
    8.220593479   76.609663756   35.082757206
    8.290890333   78.473769268    5.443407205
    8.361187188   75.204530105 -114.049538948
    8.431484042   60.960701598 -293.197997888
    8.501780896   35.605075205 -401.567620284
    8.572077750   10.244462527 -268.180331318
    8.642374604    5.607445888  187.051115838
    8.712671458   41.694388341  856.546099466
    8.782968313  125.060198318 1484.820840715
    8.853265167  243.502116628 1822.681495259
    8.923562021  372.152577819 1775.924236923
    8.993858875  486.196957101 1433.891281308
    9.064155729  571.160230081  980.264347691
    9.134452583  625.226847241  574.877199219
    9.204749438  654.910683822  291.448703485
    9.275046292  669.058565103  128.329779165
    9.345343146  674.932052352   49.244943616
    9.415640000  676.941367685   -0.000000000
