#! FIELDS d_abs file.free der_d_abs
#! SET min_d_abs -0.707107
#! SET max_d_abs 9.41564
#! SET nbins_d_abs  145
#! SET periodic_d_abs false
   -0.707107000  721.989011801   -0.000000000
   -0.636810146  719.971544637  -49.522604889
   -0.566513292  714.044980388 -129.764595045
   -0.496216437  699.758264975 -294.422553808
   -0.425919583  669.761819045 -581.337105352
   -0.355622729  615.006104199 -994.208374505
   -0.285325875  528.656125893 -1460.695100561
   -0.215029021  412.089715132 -1822.247001297
   -0.144732167  279.241350531 -1897.672971102
   -0.074435312  154.218893887 -1598.777251832
   -0.004138458   61.179654700 -1018.938307787
    0.066158396   11.874031242 -400.242547071
    0.136455250    0.000000000   15.495956114
    0.206752104    7.180422964  144.214632870
    0.277048958   15.630407324   77.404270481
    0.347345813   17.384866346  -20.493298479
    0.417642667   14.560076907  -45.240925828
    0.487939521   12.641754911   -2.722214797
    0.558236375   14.252680207   44.627212288
    0.628533229   17.939101787   52.480975237
    0.698830083   20.709965061   22.501926949
    0.769126938   20.289911898  -22.203588372
    0.839423792   18.035786657  -39.544056079
    0.909720646   15.067486873  -43.067364272
    0.980017500   12.162945488  -38.640084204
    1.050314354    9.669707529  -32.307973289
    1.120611208    7.682552566  -23.424226303
    1.190908063    6.502803942   -9.260815094
    1.261204917    6.388767945    5.534558287
    1.331501771    7.121493437   13.805488371
    1.401798625    8.080235257   11.746930120
    1.472095479    8.552826794    0.836439227
    1.542392333    8.187321689  -10.378717132
    1.612689188    7.264410100  -14.481709037
    1.682986042    6.353381051   -9.907608371
    1.753282896    6.019748700    1.153409951
    1.823579750    6.434765936    9.445708905
    1.893876604    7.185794563   10.920912067
    1.964173458    7.927904852   11.156361464
    2.034470313    8.958998417   20.587174078
    2.104767167   11.180744826   45.398172277
    2.175064021   15.601448893   80.728803893
    2.245360875   22.421398437  112.007669102
    2.315657729   31.080588051  132.505873859
    2.385954583   40.843128009  144.291750108
    2.456251438   51.165850449  148.383611687
    2.526548292   61.531864715  145.738743012
    2.596845146   71.369587521  131.974734978
    2.667142000   79.785426450  105.289537088
    2.737438854   85.993112501   71.088150235
    2.807735708   89.873672446   40.988027912
    2.878032563   92.069087596   23.962623383
    2.948329417   93.555334606   19.657497305
    3.018626271   94.877856043   17.403208200
    3.088923125   95.900325574   10.858070019
    3.159219979   96.328732743    1.189406054
    3.229516833   96.082218980   -7.005562501
    3.299813688   95.518317673   -7.832298450
    3.370110542   95.066620894   -4.876785784
    3.440407396   94.809034929   -2.921965011
    3.510704250   94.647313700   -1.880809215
    3.581001104   94.508267631   -2.297458964
    3.651297958   94.343071222   -2.136781141
    3.721594813   94.245231791   -0.039966711
    3.791891667   94.354578784    3.435305487
    3.862188521   94.671859493    5.866504183
    3.932485375   95.168792758    8.154967292
    4.002782229   95.810526195   10.010013752
    4.073079083   96.530440551   10.256103674
    4.143375938   97.232872993    9.505028430
    4.213672792   97.841908161    7.904222174
    4.283969646   98.333370627    5.851683950
    4.354266500   98.687656399    4.509890304
    4.424563354   99.011166488    4.884242374
    4.494860208   99.388943176    5.974102792
    4.565157062   99.875926542    8.244396977
    4.635453917  100.579786178   12.172482704
    4.705750771  101.539023961   15.365829805
    4.776047625  102.694056297   17.184746270
    4.846344479  103.876799302   15.926072585
    4.916641333  104.906811168   12.741886101
    4.986938188  105.615191136    6.998373865
    5.057235042  105.888801058    0.703654861
    5.127531896  105.726241182   -5.025055019
    5.197828750  105.215588252   -8.822970772
    5.268125604  104.571257985   -8.754035865
    5.338422458  104.028190971   -6.635882256
    5.408719313  103.650154397   -4.379188359
    5.479016167  103.390825823   -2.988505488
    5.549313021  103.235055929   -1.086492110
    5.619609875  103.262117290    2.041602876
    5.689906729  103.495862762    3.922588852
    5.760203583  103.755469592    3.373544574
    5.830500438  103.873834195   -0.219607705
    5.900797292  103.701938949   -4.448101165
    5.971094146  103.339552109   -4.651992009
    6.041391000  103.176186105    0.907303540
    6.111687854  103.535788661    9.714584700
    6.181984708  104.470088772   16.058938868
    6.252281563  105.675348954   17.482277954
    6.322578417  106.864583492   15.979534855
    6.392875271  107.932691185   14.479921273
    6.463172125  108.936758809   13.924344519
    6.533468979  109.853096273   11.845007368
    6.603765833  110.528163148    6.921680648
    6.674062688  110.821170439    1.346658222
    6.744359542  110.739627795   -3.280370559
    6.814656396  110.423915945   -5.288017986
    6.884953250  110.146566953   -2.084869559
    6.955250104  110.152957243    2.326204268
    7.025546958  110.450259973    5.460329540
    7.095843813  110.873892296    6.019298726
    7.166140667  111.225383400    3.934136924
    7.236437521  111.406418988    1.152779420
    7.306734375  111.427311114   -0.738624523
    7.377031229  111.351916855   -0.753684310
    7.447328083  111.370821132    1.678821668
    7.517624938  111.609819698    4.703232360
    7.587921792  111.914907755    3.356559900
    7.658218646  112.032264255    0.327995154
    7.728515500  112.042785527    0.552119887
    7.798812354  112.231212072    5.186512903
    7.869109208  112.779745276    9.685774016
    7.939406063  113.516074109   10.729445226
    8.009702917  114.111997894   -5.049383510
    8.079999771  113.718677807   -3.291476226
    8.150296625  114.111332050   17.161954617
    8.220593479  116.180575947   38.519223856
    8.290890333  118.454090543   13.643706113
    8.361187188  115.909757797 -101.877384684
    8.431484042  102.604185209 -279.082854519
    8.501780896   78.235640475 -387.997320226
    8.572077750   53.749555754 -257.108831841
    8.642374604   49.775570397  194.806829961
    8.712671458   86.296412478  861.248334638
    8.782968313  169.908889987 1487.297357406
    8.853265167  288.473320551 1823.825284644
    8.923562021  417.177261334 1776.383624463
    8.993858875  531.241046138 1434.020871467
    9.064155729  616.207748395  980.271639129
    9.134452583  670.274491357  574.877199219
    9.204749438  699.958327938  291.448703485
    9.275046292  714.106209219  128.329779165
    9.345343146  719.979696468   49.244943616
    9.415640000  721.989011801   -0.000000000
