#! FIELDS d_abs file.free der_d_abs
#! SET min_d_abs -0.707107
#! SET max_d_abs 9.32062
#! SET nbins_d_abs  143
#! SET periodic_d_abs false
   -0.707107000  767.121049627   -0.000000000
   -0.636489204  765.312601116  -44.317801745
   -0.565871408  759.985900660 -116.115923116
   -0.495253613  747.120965310 -264.118485489
   -0.424635817  720.087551872 -521.452497392
   -0.354018021  670.832999705 -888.838251675
   -0.283400225  593.511786144 -1297.901532668
   -0.212782430  489.980210124 -1601.934241205
   -0.142164634  373.720628568 -1634.658237104
   -0.071546838  267.380713213 -1321.714639746
   -0.000929042  193.111961702 -756.464180334
    0.069688754  161.062664334 -169.080571429
    0.140306549  164.294190413  213.909588837
    0.210924345  184.426556637  311.828125282
    0.281542141  203.582215584  210.347032902
    0.352159937  213.212605258   66.986619548
    0.422777732  214.654689564  -11.407563026
    0.493395528  213.473591991  -12.110645263
    0.564013324  213.629684568   17.229755940
    0.634631120  215.615702006   35.145156373
    0.705248915  218.041367197   30.314400844
    0.775866711  218.982289000    7.303205687
    0.846484507  219.007285913   -7.108499275
    0.917102303  217.923195158  -24.047271907
    0.987720099  215.552012267  -43.387614116
    1.058337894  211.834409644  -61.536462403
    1.128955690  207.033154748  -72.718646867
    1.199573486  201.840194322  -72.757226381
    1.270191282  196.817629178  -70.499435248
    1.340809077  191.655811248  -77.833140615
    1.411426873  185.549449933  -96.907727456
    1.482044669  177.870036469 -120.264991295
    1.552662465  168.839896453 -131.860772236
    1.623280261  159.863501251 -117.860873647
    1.693898056  152.674560498  -83.574514750
    1.764515852  148.265503675  -40.994637535
    1.835133648  146.756973232   -3.578770315
    1.905751444  147.416876715   19.604786525
    1.976369239  149.227338695   30.357033664
    2.046987035  151.547217226   34.361858981
    2.117604831  153.991551116   33.533683416
    2.188222627  156.269480827   31.208655892
    2.258840423  158.448261984   31.315463454
    2.329458218  160.767785455   35.550847788
    2.400076014  163.605001721   45.651536776
    2.470693810  167.291434567   58.840900222
    2.541311606  171.887998820   70.726820917
    2.611929401  177.142224380   76.670528260
    2.682547197  182.479726384   72.696242179
    2.753164993  187.313774160   63.952323529
    2.823782789  191.471697126   53.822117849
    2.894400585  194.991666431   46.452935208
    2.965018380  198.095662552   41.876829367
    3.035636176  200.920963769   37.903490271
    3.106253972  203.331328147   29.613535934
    3.176871768  205.068458924   19.615590420
    3.247489563  206.059049323    8.362822968
    3.318107359  206.282185430   -1.430926822
    3.388725155  206.034837507   -4.508694426
    3.459342951  205.749241315   -2.539597263
    3.529960746  205.748420712    2.738181013
    3.600578542  206.236027145   11.375318124
    3.671196338  207.269794595   17.089247387
    3.741814134  208.498449511   16.973433685
    3.812431930  209.551663343   12.143563110
    3.883049725  210.148295718    4.766375556
    3.953667521  210.297520344   -0.152746950
    4.024285317  210.163921188   -3.416764918
    4.094903113  209.836412581   -6.091794906
    4.165520908  209.328178290   -7.895233287
    4.236138704  208.735842467   -8.219325410
    4.306756500  208.300823753   -3.447392615
    4.377374296  208.274865655    3.277433356
    4.447992092  208.803457331   11.534963225
    4.518609887  209.819035547   16.812586921
    4.589227683  211.069430040   18.107757682
    4.659845479  212.310743982   16.609924202
    4.730463275  213.363895582   12.936645289
    4.801081070  214.109776137    7.914528365
    4.871698866  214.478507683    2.476099021
    4.942316662  214.493094367   -1.673674408
    5.012934458  214.284434197   -3.961100056
    5.083552254  213.961562376   -5.148274313
    5.154170049  213.557193904   -6.437435834
    5.224787845  213.078060207   -7.436067245
    5.295405641  212.518900317   -8.052537268
    5.366023437  212.019528928   -6.040204175
    5.436641232  211.700184153   -2.622975478
    5.507259028  211.695999287    2.372648639
    5.577876824  211.987866426    5.669909372
    5.648494620  212.425862545    5.962640205
    5.719112415  212.756440639    2.530686531
    5.789730211  212.739644911   -2.773270071
    5.860348007  212.432750979   -5.681360806
    5.930965803  212.011119934   -5.607356492
    6.001583599  211.680753063   -3.500613315
    6.072201394  211.510888828   -1.809830820
    6.142819190  211.357466162   -3.290326051
    6.213436986  210.965431951   -7.912364600
    6.284054782  210.278780817  -11.228413268
    6.354672577  209.494589536  -10.528773996
    6.425290373  208.833051747   -8.213671047
    6.495908169  208.312595820   -6.969471981
    6.566525965  207.740836482   -9.421891745
    6.637143761  206.961306213  -12.741849236
    6.707761556  206.044946126  -12.515439917
    6.778379352  205.296889534   -7.967308056
    6.848997148  205.001607225   -0.151884879
    6.919614944  205.229597968    5.442585866
    6.990232739  205.626863935    5.261908341
    7.060850535  205.898059026    1.913183744
    7.131468331  205.932969255   -0.588978004
    7.202086127  205.926438771    1.331126873
    7.272703923  206.198182277    6.384393780
    7.343321718  206.797980337   10.147941058
    7.413939514  207.505858705    9.069323049
    7.484557310  207.952595603    3.279495814
    7.555175106  207.947904117   -3.004344785
    7.625792901  207.693241519   -2.324498226
    7.696410697  207.823515020    6.913832508
    7.767028493  208.709380826   17.296913771
    7.837646289  210.021121631   17.900136181
    7.908264085  210.893850463  -11.316232943
    7.978881880  209.054719508  -40.715244960
    8.049499676  205.202587462  -68.151891588
    8.120117472  199.201148739 -107.066724543
    8.190735268  188.685663967 -204.834092149
    8.261353063  167.895224559 -400.225409080
    8.331970859  130.735400330 -651.441844698
    8.402588655   78.357695210 -795.803766101
    8.473206451   25.831263842 -625.069865009
    8.543824246    0.000000000  -41.203054396
    8.614442042   26.748574810  821.997301475
    8.685059838  115.126950430 1644.158731174
    8.755677634  250.421721270 2110.389816285
    8.826295430  401.695651479 2096.908798046
    8.896913225  537.665221689 1709.553885809
    8.967531021  639.684598314 1174.385156244
    9.038148817  704.820581396  690.197222701
    9.108766613  740.621390971  349.954934942
    9.179384408  757.673683374  153.844044715
    9.250002204  764.725486029   58.562499800
    9.320620000  767.121049627   -0.000000000
