#! FIELDS d_abs file.free der_d_abs
#! SET min_d_abs -0.707106
#! SET max_d_abs 9.41248
#! SET nbins_d_abs  145
#! SET periodic_d_abs false
   -0.707106000  674.532451553   -0.000000000
   -0.636831097  672.975471319  -38.501071195
   -0.566556194  668.394536579 -100.059698086
   -0.496281292  657.387597599 -226.781737414
   -0.426006389  634.251050621 -449.016889515
   -0.355731486  591.964215814 -768.271515521
   -0.285456583  525.201352257 -1130.395639698
   -0.215181681  434.909709620 -1414.338285143
   -0.144906778  331.496190351 -1483.862955284
   -0.074631875  233.093010254 -1271.247844067
   -0.004356972  157.842933042 -848.804110298
    0.065917931  114.402584226 -400.521571872
    0.136192833   97.905146388 -104.080000064
    0.206467736   94.688337180  -20.101585753
    0.276742639   91.834548804  -73.486194641
    0.347017542   84.146707260 -137.738936158
    0.417292444   74.151033352 -133.583531471
    0.487567347   66.820457034  -69.445834252
    0.557842250   64.449182477   -2.103171159
    0.628117153   65.508221966   23.673545332
    0.698392056   66.636528582    2.019506519
    0.768666958   64.745920956  -48.771167012
    0.838941861   59.984627133  -85.121897329
    0.909216764   53.146491884 -106.265948608
    0.979491667   45.389674532 -111.804466499
    1.049766569   37.733358082 -104.777042962
    1.120041472   30.802279580  -91.838801325
    1.190316375   25.025504783  -71.588567609
    1.260591278   20.833178654  -46.561165421
    1.330866181   18.602824029  -16.793869443
    1.401141083   18.409126593   10.760170448
    1.471415986   19.979129659   32.390225195
    1.541690889   22.767898404   45.415932063
    1.611965792   26.149373855   49.332043751
    1.682240694   29.556400681   46.546415582
    1.752515597   32.568410777   38.629999296
    1.822790500   34.843569528   24.449854191
    1.893065403   35.809016148    1.907726336
    1.963340306   35.041991029  -22.470188953
    2.033615208   32.915079509  -35.629122208
    2.103890111   30.496676737  -30.044605707
    2.174165014   29.081240658   -8.157476855
    2.244439917   29.375105553   15.943669159
    2.314714819   30.998411381   26.872023403
    2.384989722   32.670614308   17.880773279
    2.455264625   33.310638053   -0.453724045
    2.525539528   32.685123253  -15.860426940
    2.595814431   31.479272970  -16.155693577
    2.666089333   30.627221908   -6.871008935
    2.736364236   30.566523885    4.820693443
    2.806639139   31.158311212   11.458899445
    2.876914042   32.009630065   11.818454180
    2.947188944   32.748244451    8.839186477
    3.017463847   33.217635152    4.225027611
    3.087738750   33.330588340   -1.006794177
    3.158013653   33.103492734   -5.108383975
    3.228288556   32.671873881   -6.856187661
    3.298563458   32.280317901   -3.115360748
    3.368838361   32.342568088    5.669653705
    3.439113264   33.087812378   15.258443973
    3.509388167   34.388294806   20.842876993
    3.579663069   35.927098618   22.219001836
    3.649937972   37.420345759   20.064074699
    3.720212875   38.706013371   16.286018323
    3.790487778   39.725761493   13.087453478
    3.860762681   40.557697904   10.618716410
    3.931037583   41.170433207    6.998873565
    4.001312486   41.541127298    3.844150096
    4.071587389   41.688918889    0.710755042
    4.141862292   41.648847989   -1.823654550
    4.212137194   41.429376427   -4.790746542
    4.282412097   40.921503938   -9.691837890
    4.352687000   40.040604622  -15.076224804
    4.422961903   38.834388412  -18.672691310
    4.493236806   37.494234088  -18.326336878
    4.563511708   36.355052120  -13.984514790
    4.633786611   35.581672704   -8.056749558
    4.704061514   35.198708019   -3.178484584
    4.774336417   35.089606384   -0.100636425
    4.844611319   35.147840011    1.834774264
    4.914886222   35.396289375    5.349818767
    4.985161125   35.921663938    9.570389248
    5.055436028   36.700965057   12.572722881
    5.125710931   37.627939261   13.259480334
    5.195985833   38.484211852   10.892448419
    5.266260736   39.116465317    7.341264943
    5.336535639   39.543603323    4.993875647
    5.406810542   39.883662754    5.128707622
    5.477085444   40.241163008    5.010908015
    5.547360347   40.616578555    5.477302597
    5.617635250   40.992027985    5.169752545
    5.687910153   41.343548915    5.021547343
    5.758185056   41.693638759    5.098610216
    5.828459958   42.059687122    5.242417059
    5.898734861   42.414809031    4.399313421
    5.969009764   42.613762831    0.877745213
    6.039284667   42.478618038   -4.581292859
    6.109559569   41.999686070   -8.801547809
    6.179834472   41.294888133  -10.482876834
    6.250109375   40.573708193   -9.556390183
    6.320384278   39.957270236   -7.994145097
    6.390659181   39.490372657   -5.416347072
    6.460934083   39.173156671   -3.172917426
    6.531208986   39.106859460    1.214335854
    6.601483889   39.358623624    5.765836582
    6.671758792   39.875840179    8.681431150
    6.742033694   40.444548413    6.465598205
    6.812308597   40.706484646    0.537986769
    6.882583500   40.463722003   -7.136502782
    6.952858403   39.830407009  -10.603407086
    7.023133306   39.037221752  -11.056938493
    7.093408208   38.349038694   -8.313011088
    7.163683111   37.862570640   -5.666258340
    7.233958014   37.553378728   -3.421762277
    7.304232917   37.358605041   -2.995485202
    7.374507819   37.074258628   -5.505028112
    7.444782722   36.488995532  -11.078782214
    7.515057625   35.529396262  -15.476530429
    7.585332528   34.403724768  -15.843193316
    7.655607431   33.401869488  -11.373708169
    7.725882333   32.913407988   -1.760711199
    7.796157236   33.180138240    8.490127938
    7.866432139   33.878351145    9.502687158
    7.936707042   34.300901484    1.129597457
    8.006981944   33.770372933  -26.856937825
    8.077256847   31.541387620  -31.778402480
    8.147531750   30.121763668   -2.604490545
    8.217806653   31.745166848   49.113295019
    8.288081556   36.265745778   68.263274874
    8.358356458   39.129178740   -4.680531201
    8.428631361   33.561809637 -160.230827730
    8.498906264   17.488883813 -275.594388752
    8.569181167    0.000000000 -172.832045690
    8.639456069    0.736851289  244.851796420
    8.709730972   39.726890531  883.646995110
    8.780005875  124.225190981 1492.591524785
    8.850280778  242.799452634 1820.951943449
    8.920555681  371.134743331 1770.844720835
    8.990830583  484.761269070 1428.269967989
    9.061105486  569.309514901  975.327245426
    9.131380389  623.084390939  572.146291734
    9.201655292  652.624579671  290.209497955
    9.271930194  666.700687599  127.711968321
    9.342205097  672.541922445   48.942407443
    9.412480000  674.532451553   -0.000000000
