#! FIELDS time d_abs s2.mean
 0.000000 7.893099 0.854831
 1000.000000 5.086640 0.839790
 2000.000000 2.230700 0.848380
 3000.000000 0.007475 0.859430
 4000.000000 1.277197 0.841701
 5000.000000 6.255928 0.839839
 6000.000000 6.996952 0.840080
 7000.000000 5.629119 0.834458
 8000.000000 8.703007 0.842058
 9000.000000 6.644657 0.837551
 10000.000000 2.472625 0.843105
 11000.000000 3.656632 0.844812
 12000.000000 6.495814 0.844993
 13000.000000 4.407401 0.835718
 14000.000000 6.440431 0.825485
 15000.000000 5.136789 0.833176
 16000.000000 7.517511 0.854752
 17000.000000 5.510597 0.837134
 18000.000000 2.847029 0.827740
 19000.000000 3.748902 0.835423
 20000.000000 5.421469 0.808251
 21000.000000 2.435848 0.839404
 22000.000000 2.002853 0.837307
 23000.000000 1.835465 0.831702
 24000.000000 0.009971 0.839162
 25000.000000 1.487259 0.843011
 26000.000000 0.918049 0.830171
 27000.000000 1.012179 0.833567
 28000.000000 0.205388 0.854372
 29000.000000 0.001893 0.832667
 30000.000000 1.358794 0.837242
 31000.000000 2.492574 0.853763
 32000.000000 4.928340 0.849359
 33000.000000 7.681045 0.837776
 34000.000000 5.069989 0.841507
 35000.000000 3.919738 0.848859
 36000.000000 7.834496 0.842799
 37000.000000 7.225213 0.831021
 38000.000000 8.705061 0.821587
 39000.000000 8.701900 0.829662
 40000.000000 8.704207 0.829566
 41000.000000 8.701679 0.853102
 42000.000000 8.700575 0.850740
 43000.000000 7.226572 0.852645
 44000.000000 3.062691 0.833023
 45000.000000 4.347041 0.846905
 46000.000000 7.036476 0.826691
 47000.000000 3.720505 0.837639
 48000.000000 5.617995 0.833964
 49000.000000 7.128382 0.834235
 50000.000000 6.247446 0.829913
 51000.000000 3.236395 0.837660
 52000.000000 4.542162 0.849484
 53000.000000 6.333851 0.833796
 54000.000000 6.266260 0.839546
 55000.000000 6.853512 0.845612
 56000.000000 4.624214 0.842154
 57000.000000 2.641480 0.848187
 58000.000000 2.376934 0.840498
 59000.000000 2.835662 0.840699
 60000.000000 3.732774 0.831002
 61000.000000 4.326677 0.823771
 62000.000000 6.089336 0.832224
 63000.000000 6.803334 0.827352
 64000.000000 3.867148 0.851417
 65000.000000 3.256576 0.868015
 66000.000000 2.702697 0.856717
 67000.000000 3.901877 0.845506
 68000.000000 7.518616 0.854816
 69000.000000 8.167743 0.830373
 70000.000000 7.540138 0.826066
 71000.000000 6.391681 0.841678
 72000.000000 7.250703 0.823840
 73000.000000 7.673944 0.850170
 74000.000000 6.714702 0.846815
 75000.000000 5.221702 0.861977
 76000.000000 5.429047 0.862700
 77000.000000 3.656083 0.840269
 78000.000000 3.007404 0.838177
 79000.000000 4.597730 0.826512
 80000.000000 6.264559 0.839856
 81000.000000 5.353091 0.848549
 82000.000000 3.954478 0.846480
 83000.000000 2.911115 0.847370
 84000.000000 2.016571 0.825921
 85000.000000 1.496944 0.842393
 86000.000000 1.532456 0.862631
 87000.000000 1.236253 0.856447
 88000.000000 1.033452 0.844140
 89000.000000 1.622072 0.824232
 90000.000000 2.169628 0.826280
 91000.000000 1.487054 0.841718
 92000.000000 1.800743 0.843519
 93000.000000 0.724451 0.833579
 94000.000000 1.017000 0.839247
 95000.000000 0.326954 0.843414
 96000.000000 1.264239 0.853309
 97000.000000 1.066207 0.854159
 98000.000000 0.812117 0.826505
 99000.000000 0.361619 0.846106
 100000.000000 0.556536 0.848008
 101000.000000 1.326505 0.840224
 102000.000000 2.128294 0.828509
 103000.000000 2.275660 0.838678
 104000.000000 2.096071 0.851451
 105000.000000 2.623470 0.846507
 106000.000000 3.497132 0.842111
 107000.000000 5.839747 0.846235
 108000.000000 8.378185 0.839623
 109000.000000 7.637758 0.863325
 110000.000000 7.312780 0.829297
 111000.000000 4.952323 0.825616
 112000.000000 5.700427 0.845336
 113000.000000 4.830954 0.833128
 114000.000000 8.306227 0.828829
 115000.000000 6.670132 0.823761
 116000.000000 8.013897 0.838025
 117000.000000 5.987355 0.817301
 118000.000000 5.211371 0.825862
 119000.000000 7.430584 0.841622
 120000.000000 7.927548 0.837728
 121000.000000 6.525843 0.842004
 122000.000000 7.348567 0.845793
 123000.000000 8.354895 0.842346
 124000.000000 5.530443 0.827524
 125000.000000 3.592221 0.840880
 126000.000000 4.406587 0.835385
 127000.000000 4.444489 0.844060
 128000.000000 2.920650 0.837011
 129000.000000 2.599404 0.851850
 130000.000000 5.145937 0.831968
 131000.000000 5.393755 0.827465
 132000.000000 4.190558 0.853692
 133000.000000 4.232057 0.847007
 134000.000000 5.886157 0.834731
 135000.000000 6.655798 0.849552
 136000.000000 8.359403 0.821995
 137000.000000 7.269986 0.838533
 138000.000000 6.875492 0.835300
 139000.000000 6.250821 0.814851
 140000.000000 4.315688 0.824784
 141000.000000 3.857005 0.836914
 142000.000000 5.569500 0.849213
 143000.000000 5.247165 0.841518
 144000.000000 5.368052 0.842332
 145000.000000 8.044352 0.835057
 146000.000000 7.796780 0.848360
 147000.000000 6.751448 0.854077
 148000.000000 8.275761 0.835481
 149000.000000 8.314540 0.846222
 150000.000000 5.986205 0.832313
 151000.000000 3.517902 0.845778
 152000.000000 4.060879 0.827849
 153000.000000 3.458011 0.844145
 154000.000000 2.878468 0.849494
 155000.000000 2.510563 0.828196
 156000.000000 2.451375 0.837547
 157000.000000 2.336418 0.846559
 158000.000000 2.088056 0.849305
 159000.000000 2.032656 0.858308
 160000.000000 1.646207 0.849487
 161000.000000 1.671496 0.848254
 162000.000000 1.716351 0.848472
 163000.000000 1.860086 0.831415
 164000.000000 1.696732 0.853282
 165000.000000 1.509200 0.843503
 166000.000000 1.255628 0.842473
 167000.000000 1.902251 0.853741
 168000.000000 2.804431 0.836935
 169000.000000 3.067183 0.837568
 170000.000000 5.187357 0.834131
 171000.000000 4.540742 0.841238
 172000.000000 6.370573 0.840763
 173000.000000 7.684925 0.845056
 174000.000000 8.406030 0.837314
 175000.000000 7.218975 0.842760
 176000.000000 4.916421 0.840856
 177000.000000 3.488906 0.835553
 178000.000000 2.782991 0.845037
 179000.000000 3.555711 0.843829
 180000.000000 5.317984 0.832061
 181000.000000 6.258835 0.838861
 182000.000000 5.561798 0.850956
 183000.000000 7.406183 0.862227
 184000.000000 6.222826 0.860010
 185000.000000 3.406159 0.855760
 186000.000000 3.803157 0.861646
 187000.000000 3.775151 0.861161
 188000.000000 8.389966 0.856932
 189000.000000 8.354103 0.857512
 190000.000000 5.652611 0.833296
 191000.000000 7.036726 0.849280
 192000.000000 8.702971 0.842478
 193000.000000 8.703788 0.832967
 194000.000000 8.704380 0.844306
 195000.000000 8.703325 0.830079
 196000.000000 8.704806 0.837072
 197000.000000 8.703947 0.827321
 198000.000000 8.699625 0.846860
 199000.000000 8.705010 0.830321
 200000.000000 8.704061 0.836066
