#! FIELDS d_abs file.free der_d_abs
#! SET min_d_abs -0.707105
#! SET max_d_abs 9.33356
#! SET nbins_d_abs  143
#! SET periodic_d_abs false
   -0.707105000  739.675333910   -0.003579829
   -0.636396092  737.837793578  -44.703071546
   -0.565687183  732.474181343 -116.675053835
   -0.494978275  719.545559463 -265.000771485
   -0.424269366  692.394924322 -522.941121647
   -0.353560458  642.962173886 -890.336561871
   -0.282851549  565.448704860 -1298.587647455
   -0.212142641  461.778694999 -1602.132606851
   -0.141433732  345.241028286 -1639.628980053
   -0.070724824  237.968336212 -1341.201592221
   -0.000015915  161.300579013 -804.353567127
    0.070692993  124.473573803 -256.265500244
    0.141401901  120.115010172   87.569474387
    0.212110810  130.362313029  161.548202706
    0.282819718  138.802396253   61.407608498
    0.353528627  138.729124222  -54.664806752
    0.424237535  133.095845426  -88.212723184
    0.494946444  128.218972080  -40.837849789
    0.565655352  127.790173792   26.540908002
    0.636364261  131.155453889   60.705029895
    0.707073169  135.249777850   47.781795410
    0.777782077  136.455800133   -5.140349920
    0.848490986  134.086984165  -64.263096528
    0.919199894  127.248479909 -129.345652752
    0.989908803  115.957688580 -188.388994956
    1.060617711  101.123560101 -226.671664862
    1.131326620   84.595392563 -235.554491602
    1.202035528   68.488402936 -216.169795341
    1.272744437   54.517045575 -177.199612836
    1.343453345   43.611137277 -130.029383096
    1.414162254   36.221143035  -78.735270439
    1.484871162   32.445499346  -28.941491447
    1.555580070   31.973181002   14.577423121
    1.626288979   34.336213546   50.340179836
    1.696997887   38.755313283   72.763210538
    1.767706796   44.411340831   85.887331372
    1.838415704   50.784930067   94.432112450
    1.909124613   57.637512967   97.364325280
    1.979833521   64.209692958   85.342373404
    2.050542430   69.275896114   55.056991708
    2.121251338   71.703732575   12.201190090
    2.191960246   70.958852272  -32.933140336
    2.262669155   67.171907814  -73.401299333
    2.333378063   60.767757666 -107.014711007
    2.404086972   52.239917321 -132.750827150
    2.474795880   42.421091051 -141.738553948
    2.545504789   32.691842289 -129.849971531
    2.616213697   24.611503331  -95.189777333
    2.686922606   19.641869153  -43.857470528
    2.757631514   18.525191862   12.012885784
    2.828340423   21.068772656   56.610293592
    2.899049331   25.949364760   76.845668357
    2.969758239   31.393213081   73.739842910
    3.040467148   35.962183118   53.424964092
    3.111176056   38.791561188   26.461328114
    3.181884965   39.798224327    3.412940041
    3.252593873   39.605178658   -6.329130198
    3.323302782   39.117286037   -6.627844846
    3.394011690   38.754732139   -3.642836164
    3.464720599   38.517301280   -4.010244169
    3.535429507   38.076583141   -8.928190515
    3.606138415   37.238310072  -14.055746253
    3.676847324   36.183237328  -14.998565099
    3.747556232   35.213310243  -12.336205268
    3.818265141   34.497752438   -7.749287785
    3.888974049   34.141686346   -2.300967228
    3.959682958   34.155576801    2.426418290
    4.030391866   34.436229250    5.173437240
    4.101100775   34.811459044    4.765958872
    4.171809683   35.059985267    1.591136647
    4.242518592   35.043056296   -1.801873580
    4.313227500   34.872866364   -2.493607770
    4.383936408   34.791394323    0.764908298
    4.454645317   35.021704429    6.114924293
    4.525354225   35.645043358   10.963168574
    4.596063134   36.471295545   11.866781374
    4.666772042   37.267554294   10.180208379
    4.737480951   37.885580932    6.932000804
    4.808189859   38.287515872    4.703789569
    4.878898768   38.598215549    4.351307868
    4.949607676   38.896983615    4.343183393
    5.020316585   39.214722582    5.086945515
    5.091025493   39.605786543    6.203798329
    5.161734401   40.087436587    7.550011187
    5.232443310   40.651301545    8.257753304
    5.303152218   41.202480824    7.394063564
    5.373861127   41.642703961    4.836966796
    5.444570035   41.913667660    3.250663827
    5.515278944   42.134627753    3.116041610
    5.585987852   42.355354801    2.619814106
    5.656696761   42.514253290    1.586408121
    5.727405669   42.539965590   -1.090753130
    5.798114577   42.357863514   -3.605736381
    5.868823486   42.093034009   -3.100248241
    5.939532394   42.003535542    0.568900183
    6.010241303   42.138771017    2.832148684
    6.080950211   42.307603471    1.184049067
    6.151659120   42.211012190   -4.190449038
    6.222368028   41.766670180   -7.507484610
    6.293076937   41.255521624   -6.303756003
    6.363785845   40.917835796   -2.840218950
    6.434494754   40.803511992   -0.688525547
    6.505203662   40.744879727   -1.219048924
    6.575912570   40.591269794   -2.774936976
    6.646621479   40.377527186   -2.772101222
    6.717330387   40.245094337   -0.797273296
    6.788039296   40.240626997    0.359740830
    6.858748204   40.270668870    0.081232030
    6.929457113   40.190926926   -2.324626583
    7.000166021   39.897546648   -5.491647626
    7.070874930   39.492715522   -5.708398782
    7.141583838   39.114937454   -5.195427650
    7.212292746   38.712595205   -6.443802176
    7.283001655   38.175918968   -8.726370476
    7.353710563   37.525262954   -9.363990459
    7.424419472   36.914394650   -7.167498126
    7.495128380   36.595395762   -1.666972138
    7.565837289   36.659169580    3.628978832
    7.636546197   37.141584648   10.328007364
    7.707255106   38.107781738   16.806773587
    7.777964014   39.362559777   17.024264429
    7.848672923   40.202448419    5.001324776
    7.919381831   39.867210766  -29.733907476
    7.990090739   37.038505996  -45.445753555
    8.060799648   34.365339439  -22.618049560
    8.131508556   34.683108091   33.904034156
    8.202217465   38.679139562   68.684444436
    8.272926373   42.072289436    7.530547491
    8.343635282   37.258468801 -154.070062768
    8.414344190   20.743898649 -292.405546316
    8.485053099    1.260669129 -205.869620000
    8.555762007    0.000000000  228.005953921
    8.626470915   39.815211605  922.642689627
    8.697179824  130.192780890 1604.864408698
    8.767888732  259.600908618 1988.546559450
    8.838597641  401.301794822 1951.461721262
    8.909306549  527.666691175 1582.844378290
    8.980015458  622.099700056 1083.929939469
    9.050724366  682.246833441  635.879814589
    9.121433275  715.268546928  322.350106892
    9.192142183  730.989025535  141.612133208
    9.262851092  737.481786778   53.675397703
    9.333560000  739.675333903    0.003603114
