#! FIELDS d_abs file.free der_d_abs
#! SET min_d_abs -0.707106
#! SET max_d_abs 9.29043
#! SET nbins_d_abs  143
#! SET periodic_d_abs false
   -0.707106000  799.970030742   -0.000000000
   -0.636700817  797.471247447  -60.506548089
   -0.566295634  790.244238874 -157.939333824
   -0.495890451  772.827490374 -358.269264375
   -0.425485268  736.349095892 -704.518098823
   -0.355080085  670.099697919 -1197.709335309
   -0.284674901  566.386999138 -1743.579034252
   -0.214269718  427.948985355 -2145.192468495
   -0.143864535  273.088968260 -2177.558863462
   -0.073459352  132.626047808 -1736.492035081
   -0.003054169   36.917721845 -947.252378695
    0.067351014    0.000000000 -126.184395500
    0.137756197   12.258502913  408.552952204
    0.208161380   47.676108597  532.082522915
    0.278566563   80.035616699  355.084146762
    0.348971746   95.918731686  101.108752717
    0.419376930   96.586502182  -59.497875906
    0.489782113   90.689800899  -89.675330089
    0.560187296   85.665493407  -47.622691242
    0.630592479   84.021398230   -2.738867827
    0.700997662   84.658804058   16.567863427
    0.771402845   85.082924321    8.799112558
    0.841808028   85.848051204   12.114792789
    0.912213211   86.860932478   17.254633806
    0.982618394   88.281943969   22.863455912
    1.053023577   89.960242906   23.878079064
    1.123428761   91.502129555   19.043077517
    1.193833944   92.541949424    9.805446688
    1.264239127   92.937666349    1.913916943
    1.334644310   92.863147795   -3.159300098
    1.405049493   92.625037730   -3.338299212
    1.475454676   92.460002128   -1.035592784
    1.545859859   92.516229323    2.960066507
    1.616265042   92.930629564    9.039837407
    1.686670225   93.792117623   15.625942945
    1.757075408   95.141952985   22.866410146
    1.827480592   97.056142442   31.577624208
    1.897885775   99.561791337   38.911056853
    1.968290958  102.453859276   42.802250497
    2.038696141  105.542491909   44.490115752
    2.109101324  108.671732063   44.313694217
    2.179506507  111.718906786   41.686102104
    2.249911690  114.476491689   36.508516027
    2.320316873  116.853242128   30.620390878
    2.390722056  118.713083212   21.969950173
    2.461127239  119.907980019   11.828580435
    2.531532423  120.437098862    3.709091252
    2.601937606  120.579076683    1.742828922
    2.672342789  120.875603626    7.716808889
    2.742747972  121.719562954   16.083417765
    2.813153155  122.984231535   18.392661222
    2.883558338  124.111740440   12.377601499
    2.953963521  124.645898158    2.619347426
    3.024368704  124.551051151   -4.552023523
    3.094773887  124.154709941   -5.984193618
    3.165179070  123.843087365   -2.727007802
    3.235584254  123.793300781    1.144235352
    3.305989437  123.936852892    2.645024099
    3.376394620  124.115537847    2.377974772
    3.446799803  124.299213262    2.887688408
    3.517204986  124.520565146    3.255213894
    3.587610169  124.779661815    4.106904517
    3.658015352  125.107501920    5.372830168
    3.728420535  125.552569387    7.217556060
    3.798825718  126.155229697    9.758705671
    3.869230901  126.858546406    9.622466736
    3.939636085  127.434152389    6.505354995
    4.010041268  127.793306461    3.861189389
    4.080446451  128.035544196    3.421791939
    4.150851634  128.365559453    6.313983704
    4.221256817  128.906021777    9.119624311
    4.291662000  129.599695260   10.208720618
    4.362067183  130.275095681    8.803834928
    4.432472366  130.799238086    5.932581781
    4.502877549  131.159581688    3.918750094
    4.573282732  131.390415226    2.269121507
    4.643687915  131.477845464    0.092464025
    4.714093099  131.402709820   -1.905987895
    4.784498282  131.226860637   -2.739485400
    4.854903465  131.040233159   -2.586218976
    4.925308648  130.880544544   -2.261713118
    4.995713831  130.713659363   -2.783046556
    5.066119014  130.445369405   -5.082498274
    5.136524197  130.004968617   -7.450726985
    5.206929380  129.437900973   -8.478230998
    5.277334563  128.825999072   -8.607815938
    5.347739746  128.220707404   -8.206218062
    5.418144930  127.650965988   -7.840559588
    5.488550113  127.106846257   -7.529534917
    5.558955296  126.608984415   -6.371617732
    5.629360479  126.198115447   -5.154490009
    5.699765662  125.871340544   -4.201906224
    5.770170845  125.569090200   -4.447777000
    5.840576028  125.246217787   -4.652615439
    5.910981211  124.956933468   -3.642729761
    5.981386394  124.789483370   -1.383755619
    6.051791577  124.756111749    0.149467402
    6.122196761  124.771866576    0.308570628
    6.192601944  124.799548877    0.180411955
    6.263007127  124.773789094   -1.061563184
    6.333412310  124.690359508   -1.371815680
    6.403817493  124.596499291   -1.437671259
    6.474222676  124.472054189   -2.183062353
    6.544627859  124.260247803   -4.131871209
    6.615033042  123.889647112   -6.572565842
    6.685438225  123.360211251   -8.353807641
    6.755843408  122.714642451   -9.721743257
    6.826248592  121.987371647  -10.624978186
    6.896653775  121.262559394   -9.329663779
    6.967058958  120.713566343   -5.814922079
    7.037464141  120.485553492   -0.471592458
    7.107869324  120.641655151    4.322939510
    7.178274507  121.018645032    6.107972981
    7.248679690  121.461642248    6.372539909
    7.319084873  121.890894790    5.587043429
    7.389490056  122.233088551    3.717387504
    7.459895239  122.372701768    0.132162906
    7.530300423  122.224022480   -3.736202907
    7.600705606  121.965661967   -2.859610352
    7.671110789  121.914603862    1.509084492
    7.741515972  122.155970125    4.308262202
    7.811921155  122.323994225   -0.718644673
    7.882326338  121.830502887  -25.524876377
    7.952731521  119.713534702  -30.172891432
    8.023136704  118.436313665    0.250346034
    8.093541887  120.350765824   54.308689070
    8.163947070  125.240351599   71.937734554
    8.234352254  127.986390443  -14.062184935
    8.304757437  120.961534435 -193.353315662
    8.375162620  101.675861775 -330.721737620
    8.445567803   80.137356293 -226.651864816
    8.515972986   78.095958825  225.099458413
    8.586378169  117.751693875  922.882625932
    8.656783352  207.351266506 1591.545227934
    8.727188535  334.561347552 1955.439805583
    8.797593718  472.832718118 1906.288324278
    8.867998901  595.412348396 1538.400482288
    8.938404085  686.650043080 1050.359209472
    9.008809268  744.641820164  615.433078290
    9.079214451  776.454711052  311.826490863
    9.149619634  791.595252395  137.122013899
    9.220024817  797.859903610   52.038211795
    9.290430000  799.970030742   -0.000000000
