#! FIELDS d_abs file.free der_d_abs
#! SET min_d_abs -0.707106
#! SET max_d_abs 9.31167
#! SET nbins_d_abs  143
#! SET periodic_d_abs false
   -0.707106000  412.798959930   -0.000000000
   -0.636551239  412.004593284  -20.591579738
   -0.565996479  409.512404375  -54.678663640
   -0.495441718  403.413214904 -126.019276917
   -0.424886958  390.437039833 -251.960718483
   -0.354332197  366.458133664 -436.331026505
   -0.283777437  328.186975566 -648.289775370
   -0.213222676  275.973365613 -817.135491351
   -0.142667915  215.926870978 -857.718764298
   -0.072113155  159.146173520 -722.476181432
   -0.001558394  117.409012241 -444.348567054
    0.068996366   97.285492797 -130.953959412
    0.139551127   96.917549328   99.210504959
    0.210105887  107.869510260  187.253524493
    0.280660648  120.522996504  157.219281048
    0.351215408  128.975229174   80.857217379
    0.421770169  132.384327464   22.026567869
    0.492324930  133.067418607    4.254732476
    0.562879690  133.769741061   19.373209649
    0.633434451  136.070752444   46.016923393
    0.703989211  140.145336459   68.028208371
    0.774543972  145.190336377   78.228098884
    0.845098732  151.124524161   88.696235781
    0.915653493  157.558278858   92.614954548
    0.986208254  163.974936920   86.691926914
    1.056763014  169.260363766   58.726346402
    1.127317775  171.588770160    2.682636673
    1.197872535  169.105648582  -75.588351295
    1.268427296  160.806190306 -158.240868252
    1.338982056  147.295499800 -218.801887993
    1.409536817  130.944054488 -237.233111150
    1.480091577  114.866041296 -212.260325176
    1.550646338  101.666972789 -159.082135316
    1.621201099   92.541894654 -100.776037628
    1.691755859   87.132283588  -55.683320632
    1.762310620   84.250834613  -28.504917399
    1.832865380   82.905592109  -10.379612252
    1.903420141   82.806178841    8.428537243
    1.973974901   84.291978884   34.854588442
    2.044529662   87.841998874   66.098668219
    2.115084423   93.517602677   93.343436852
    2.185639183  100.727098132  108.172685810
    2.256193944  108.355176510  104.716537385
    2.326748704  115.125321186   84.761016178
    2.397303465  120.006115556   51.800545332
    2.467858225  122.286080426   12.355084096
    2.538412986  121.815558429  -24.477228489
    2.608967746  119.099966098  -50.425642990
    2.679522507  115.040354492  -62.305888958
    2.750077268  110.608004056  -61.157654851
    2.820632028  106.614967951  -51.078653387
    2.891186789  103.478621421  -37.285965473
    2.961741549  101.388361323  -21.927191717
    3.032296310  100.358085419   -7.634337098
    3.102851070  100.187053450    1.516757317
    3.173405831  100.459308627    5.182334902
    3.243960592  100.777356362    2.980862159
    3.314515352  100.754829953   -4.065846444
    3.385070113  100.181060061  -11.893981394
    3.455624873   99.150696278  -16.217913091
    3.526179634   97.991088111  -15.892406414
    3.596734394   97.023123273  -11.126583747
    3.667289155   96.424075864   -6.141810807
    3.737843915   96.191137077   -0.950185425
    3.808398676   96.194545471    0.868638947
    3.878953437   96.307866479    2.299579932
    3.949508197   96.523064282    3.947916312
    4.020062958   96.867062779    5.859196993
    4.090617718   97.293864796    5.260502510
    4.161172479   97.502982168   -0.067233977
    4.231727239   97.181980472   -9.431126324
    4.302282000   96.164214875  -18.367401565
    4.372836761   94.693525143  -22.151516405
    4.443391521   93.252011103  -17.248696424
    4.513946282   92.422728325   -5.408127985
    4.584501042   92.545307939    8.725156646
    4.655055803   93.565130158   19.176146106
    4.725610563   95.039733473   20.975776848
    4.796165324   96.300638523   13.375322797
    4.866720085   96.817312825    0.944545599
    4.937274845   96.431774709  -11.543819486
    5.007829606   95.335338698  -18.235100112
    5.078384366   93.994996543  -18.401734259
    5.148939127   92.894593920  -12.184348789
    5.219493887   92.322845138   -3.631483333
    5.290048648   92.371121515    4.995202737
    5.360603408   92.968389973   11.671259862
    5.431158169   93.959941641   16.312141159
    5.501712930   95.203649013   18.333923244
    5.572267690   96.467226841   17.273959586
    5.642822451   97.570461910   13.400995266
    5.713377211   98.347433877    8.606200281
    5.783931972   98.785315562    4.339468106
    5.854486732   99.093592378    5.405853128
    5.925041493   99.660421872   11.232699478
    5.995596254  100.714546709   18.375495989
    6.066151014  102.216306736   23.712250839
    6.136705775  103.958552026   24.907528481
    6.207260535  105.646181090   22.383755546
    6.277815296  107.071949764   17.061636776
    6.348370056  107.946957626    6.986485838
    6.418924817  107.981970575   -6.589309437
    6.489479577  107.009328051  -20.516293601
    6.560034338  105.209600609  -28.656734228
    6.630589099  103.177417633  -26.915922112
    6.701143859  101.615496640  -16.077621530
    6.771698620  100.980226746   -2.114508992
    6.842253380  101.245558502    8.843376959
    6.912808141  102.065305723   13.400804307
    6.983362901  103.024526050   13.126827933
    7.053917662  103.768607231    6.741117290
    7.124472423  103.869208429   -4.528098165
    7.195027183  103.080747728  -17.764052480
    7.265581944  101.442993297  -27.504700052
    7.336136704   99.361994275  -29.912672968
    7.406691465   97.354999051  -26.191246908
    7.477246225   95.723117997  -19.977827510
    7.547800986   94.504645265  -14.542801997
    7.618355746   93.660925736   -9.506026125
    7.688910507   93.172271111   -4.761757957
    7.759465268   92.928409065   -2.725850041
    7.830020028   92.688816166   -4.841386756
    7.900574789   92.103537124  -19.035844920
    7.971129549   90.449735108  -26.639579212
    8.041684310   88.485515666  -28.249504178
    8.112239070   86.358423001  -35.246627719
    8.182793831   82.689662416  -77.314887794
    8.253348592   74.082960236 -175.912818582
    8.323903352   57.110372384 -303.980752387
    8.394458113   32.603370776 -370.680329288
    8.465012873    8.840930494 -267.693092093
    8.535567634    0.000000000   49.926491373
    8.606122394   19.113860810  501.404813789
    8.676677155   69.885000816  916.490143789
    8.747231915  143.757305225 1136.464219934
    8.817786676  224.257398219 1106.073621834
    8.888341437  295.394083510  888.746861951
    8.958896197  348.094103131  603.785453621
    9.029450958  381.399027839  351.289102496
    9.100005718  399.550009536  176.963969849
    9.170560479  408.130828266   77.095251445
    9.241115239  411.650761804   28.942080483
    9.311670000  412.798959930   -0.000000000
