#! FIELDS d_abs file.free der_d_abs
#! SET min_d_abs -0.707107
#! SET max_d_abs 9.32128
#! SET nbins_d_abs  143
#! SET periodic_d_abs false
   -0.707107000  836.424647041   -0.000000000
   -0.636484556  833.895538293  -61.509490219
   -0.565862113  826.500214900 -161.160220325
   -0.495239669  808.625657689 -366.778984124
   -0.424617225  771.126207333 -722.513442204
   -0.353994782  702.929221150 -1229.633127360
   -0.283372338  596.131113385 -1789.146399388
   -0.212749894  453.774851888 -2196.149752860
   -0.142127451  295.127377365 -2217.060281178
   -0.071505007  152.496091904 -1742.650886697
   -0.000882563   57.771140655 -902.541257803
    0.069739880   25.971921814  -22.661703845
    0.140362324   47.570226807  566.875013780
    0.210984768   95.823602032  731.348195165
    0.281607211  143.231281949  575.161647896
    0.352229655  174.672480230  314.911736873
    0.422852099  189.271636283  116.340230217
    0.493474542  193.640765495   22.303014037
    0.564096986  193.793376441  -13.241691137
    0.634719430  191.980498694  -39.138208632
    0.705341873  188.087290201  -71.366772764
    0.775964317  181.221279563 -103.534810410
    0.846586761  173.852641861 -102.975324303
    0.917209204  166.916711988  -92.053837209
    0.987831648  160.873966813  -79.894006230
    1.058454092  155.490226255  -73.462837225
    1.129076535  150.416565374  -70.923177761
    1.199698979  145.477073448  -68.598350375
    1.270321423  140.821543151  -62.777778424
    1.340943866  136.623931357  -56.632463661
    1.411566310  132.744041016  -54.520572985
    1.482188754  128.758520396  -59.391373375
    1.552811197  124.361010852  -64.593642231
    1.623433641  119.711455589  -66.337998419
    1.694056085  115.161838578  -61.586979277
    1.764678528  111.119583315  -52.577979746
    1.835300972  107.825083171  -39.812863393
    1.905923415  105.576554255  -23.935683377
    1.976545859  104.444291725   -7.900654563
    2.047168303  104.487990079    8.359830078
    2.117790746  105.450222506   18.218913962
    2.188413190  106.989035772   24.392642619
    2.259035634  108.812632082   27.537374453
    2.329658077  111.066770288   38.870109265
    2.400280521  114.722423049   67.123573393
    2.470902965  120.808593600  106.110327637
    2.541525408  129.559326922  139.123026193
    2.612147852  140.035216422  153.849963955
    2.682770296  150.799090785  147.572162753
    2.753392739  160.492823183  124.789304969
    2.824015183  168.305241083   95.718408039
    2.894637627  173.932382030   63.538385756
    2.965260070  177.347705874   33.975235654
    3.035882514  178.875559450   10.985359389
    3.106504958  179.243263879    1.659879292
    3.177127401  179.409810033    5.064560553
    3.247749845  180.142193610   16.517371163
    3.318372289  181.702836678   26.874038677
    3.388994732  183.813694866   32.146866099
    3.459617176  186.111672329   32.067281863
    3.530239620  188.210621359   27.221788483
    3.600862063  189.870568887   18.726704139
    3.671484507  190.766321087    6.269678920
    3.742106951  190.720269855   -7.004216775
    3.812729394  189.882820061  -16.298579685
    3.883351838  188.574487975  -19.349898661
    3.953974282  187.326936397  -15.366011489
    4.024596725  186.495467607   -7.667663594
    4.095219169  186.221891200   -0.175303665
    4.165841613  186.398487572    4.508134623
    4.236464056  186.814600301    6.661284638
    4.307086500  187.212899776    3.688444502
    4.377708944  187.298383043   -1.120165574
    4.448331387  187.062335815   -5.491955421
    4.518953831  186.560696160   -8.719492552
    4.589576275  185.887287018   -9.635630060
    4.660198718  185.251002404   -7.963719239
    4.730821162  184.768478520   -5.538044960
    4.801443606  184.496091447   -2.268645689
    4.872066049  184.410280933   -0.431037085
    4.942688493  184.419802156    0.555678620
    5.013310937  184.456932082    0.609857714
    5.083933380  184.509335877    1.005522757
    5.154555824  184.576109643    0.794539016
    5.225178268  184.610390587   -0.064132870
    5.295800711  184.576705870   -0.768484175
    5.366423155  184.513383572   -1.160653296
    5.437045599  184.437058836   -0.785523391
    5.507668042  184.441977593    1.143798384
    5.578290486  184.614499615    3.703382018
    5.648912930  184.940771541    5.383003593
    5.719535373  185.378018043    6.699202221
    5.790157817  185.855705298    6.725599638
    5.860780261  186.304486503    5.428163029
    5.931402704  186.642704435    4.242541627
    6.002025148  186.928472669    4.232379201
    6.072647592  187.248100930    4.972082037
    6.143270035  187.645735404    6.166817483
    6.213892479  188.122035153    7.013571830
    6.284514923  188.583358993    5.964410285
    6.355137366  188.928837340    3.408353787
    6.425759810  189.077961885    0.616037446
    6.496382254  189.047622176   -1.160094730
    6.567004697  188.930977626   -2.222449909
    6.637627141  188.749387429   -2.883731287
    6.708249585  188.530246281   -3.171173242
    6.778872028  188.309471509   -2.722670759
    6.849494472  188.189512853   -0.616132938
    6.920116915  188.232723343    1.754437635
    6.990739359  188.420676660    3.236538972
    7.061361803  188.611097235    2.139414880
    7.131984246  188.681584130   -0.408205410
    7.202606690  188.516181732   -4.202357567
    7.273229134  188.166482899   -5.470263584
    7.343851577  187.860015316   -2.986907943
    7.414474021  187.749356834   -0.402485722
    7.485096465  187.690095790   -2.207790131
    7.555718908  187.293425300   -9.881755232
    7.626341352  186.363381804  -15.672337661
    7.696963796  185.332537011  -11.454247912
    7.767586239  184.963686754    2.212148929
    7.838208683  185.733990993   19.278361295
    7.908831127  187.546616826   12.752563519
    7.979453570  188.289200951    7.792444075
    8.050076014  188.637267471    1.397505133
    8.120698458  188.108487336  -22.973153073
    8.191320901  183.752691539 -117.289272257
    8.261943345  168.673679185 -330.200728268
    8.332565789  135.140082751 -621.506992155
    8.403188232   83.171038507 -813.264199103
    8.473810676   28.310984123 -666.984311702
    8.544433120    0.000000000  -60.754968493
    8.615055563   27.540414751  869.614840319
    8.685678007  122.213727094 1773.756146894
    8.756300451  268.937509810 2297.434399222
    8.826922894  434.131835158 2295.686190044
    8.897545338  583.310324336 1879.016520760
    8.968167782  695.595230338 1293.965244090
    9.038790225  767.448133180  762.087313962
    9.109412669  807.032368334  387.461102822
    9.180035113  825.925800286  170.729313775
    9.250657556  833.753221471   64.911336913
    9.321280000  836.424647041   -0.000000000
