#! FIELDS d_abs file.free der_d_abs
#! SET min_d_abs -0.707107
#! SET max_d_abs 9.32128
#! SET nbins_d_abs  143
#! SET periodic_d_abs false
   -0.707107000  561.185048062   -0.000000000
   -0.636484556  559.665441847  -37.738187995
   -0.565862113  555.104154360  -99.701311727
   -0.495239669  543.995991192 -228.578651068
   -0.424617225  520.544360452 -453.159922254
   -0.353994782  477.619544892 -776.314397853
   -0.283372338  409.943292895 -1137.896276283
   -0.212749894  318.942047485 -1411.217697300
   -0.142127451  216.324377383 -1444.721153210
   -0.071505007  122.464048418 -1161.905517755
   -0.000882563   57.988975308 -638.748606354
    0.069739880   33.016257593  -83.861822444
    0.140362324   41.597415786  282.198769225
    0.210984768   66.001660071  362.470660527
    0.281607211   87.581130780  224.270152848
    0.352229655   96.206499464   21.938008560
    0.422852099   92.234695293 -117.728969796
    0.493474542   81.976759209 -158.427783072
    0.564096986   71.178377527 -143.133780684
    0.634719430   61.800402759 -125.537289858
    0.705341873   52.856843497 -131.415088213
    0.775964317   42.468137134 -152.047601702
    0.846586761   31.783957385 -146.366615632
    0.917209204   22.538508648 -109.372407147
    0.987831648   17.073005561  -41.291541215
    1.058454092   17.126068558   44.304930517
    1.129076535   23.304711359  128.245758605
    1.199698979   34.768518254  192.046049452
    1.270321423   49.727708482  225.885032430
    1.340943866   65.809151873  222.985219846
    1.411566310   80.353941576  182.710895245
    1.482188754   90.900640042  112.295816224
    1.552811197   96.036552964   34.013508673
    1.623433641   96.056433875  -29.185886265
    1.694056085   92.728659769  -58.941020779
    1.764678528   88.535864867  -55.374969214
    1.835300972   85.392661086  -31.307002043
    1.905923415   84.208638529   -3.202698790
    1.976545859   84.767754766   18.227073885
    2.047168303   86.775202934   38.522494633
    2.117790746   90.207539774   59.518607772
    2.188413190   95.287455878   83.936305934
    2.259035634  101.860262979   99.996711695
    2.329658077  109.054907540  101.466321994
    2.400280521  115.933652697   91.878621504
    2.470902965  121.964544877   79.369527272
    2.541525408  127.192373706   69.085254432
    2.612147852  131.835265452   62.702227967
    2.682770296  136.049858575   55.933162052
    2.753392739  139.584369140   42.704852071
    2.824015183  141.978009790   24.308008461
    2.894637627  142.974825553    4.434652539
    2.965260070  142.770731478   -8.540494186
    3.035882514  142.007736778  -11.211023259
    3.106504958  141.451852815   -3.615563608
    3.177127401  141.515775427    5.023201750
    3.247749845  142.028782230    8.535922076
    3.318372289  142.528056224    4.502305787
    3.388994732  142.608680532   -1.764395033
    3.459617176  142.384590676   -3.573163487
    3.530239620  142.212878649    0.020213988
    3.600862063  142.467975711    6.968523390
    3.671484507  143.154398183   12.094663031
    3.742106951  144.107060884   15.063605139
    3.812729394  145.310459461   18.838017445
    3.883351838  146.815681411   24.219876216
    3.953974282  148.745975134   29.842096193
    4.024596725  150.940491733   31.450594022
    4.095219169  152.989693708   25.524184591
    4.165841613  154.394455561   13.541607392
    4.236464056  154.934185352    2.227554144
    4.307086500  154.794361715   -5.401095524
    4.377708944  154.356750898   -5.508091301
    4.448331387  154.150587482    0.071070744
    4.518953831  154.374925281    5.567076871
    4.589576275  154.844494860    7.245494366
    4.660198718  155.316817032    5.935003055
    4.730821162  155.673942797    4.733039619
    4.801443606  156.112084561    8.546694010
    4.872066049  156.973425001   16.195923143
    4.942688493  158.418729208   24.401198679
    5.013310937  160.298812061   27.982357177
    5.083933380  162.218562780   25.530900872
    5.154555824  163.761681393   17.502960667
    5.225178268  164.666167640    8.191441300
    5.295800711  165.001098045    2.125540311
    5.366423155  165.094788553    1.273946288
    5.437045599  165.292518347    4.859292724
    5.507668042  165.844578716   10.855249760
    5.578290486  166.788967812   15.320745850
    5.648912930  167.897988989   15.218796336
    5.719535373  168.851587226   11.037317046
    5.790157817  169.391736577    4.152269677
    5.860780261  169.452971356   -2.442359196
    5.931402704  169.154812750   -5.249097924
    6.002025148  168.807012988   -3.949249279
    6.072647592  168.617131857   -1.488739260
    6.143270035  168.556905394   -0.860155022
    6.213892479  168.407098090   -4.244931105
    6.284514923  167.847042594  -11.886502591
    6.355137366  166.710983855  -20.212209872
    6.425759810  165.100381990  -24.673868120
    6.496382254  163.387405960  -22.665192323
    6.567004697  162.001876826  -16.360880027
    6.637627141  161.092346190   -9.681619030
    6.708249585  160.554958461   -6.222143062
    6.778872028  160.119129267   -6.350619222
    6.849494472  159.648945949   -6.933538248
    6.920116915  159.195576776   -5.445847689
    6.990739359  158.958685454   -0.857420483
    7.061361803  159.081727607    4.633024612
    7.131984246  159.578382837    8.982332157
    7.202606690  160.250292027    9.473836449
    7.273229134  160.894408891    8.361569616
    7.343851577  161.487195266    8.512435028
    7.414474021  162.135853865   10.140964356
    7.485096465  162.930414586   12.429002544
    7.555718908  163.881119237   14.182496516
    7.626341352  164.979192859   16.918851159
    7.696963796  166.315475542   21.181626705
    7.767586239  167.915763436   23.536592039
    7.838208683  169.515576911   20.303579890
    7.908831127  170.549946009   -3.654757819
    7.979453570  169.431075974  -28.650819667
    8.050076014  166.451466060  -56.581458100
    8.120698458  161.137877780  -98.617897552
    8.191320901  151.461586011 -185.777793629
    8.261943345  133.230810000 -341.474493211
    8.332565789  102.409664942 -528.550656764
    8.403188232   60.676876928 -624.984565478
    8.473810676   19.848875733 -481.132917335
    8.544433120    0.000000000  -33.617970727
    8.615055563   19.857822887  611.403140172
    8.685678007   85.395839123 1215.885580402
    8.756300451  185.134367906 1551.117342972
    8.826922894  296.025777374 1532.975304477
    8.897545338  395.213472293 1244.048742480
    8.968167782  469.304621060  850.693931181
    9.038790225  516.413082708  497.992757984
    9.109412669  542.213436421  251.748947781
    9.180035113  554.460453675  110.352478918
    9.250657556  559.503955288   41.563268897
    9.321280000  561.185048062   -0.000000000
