#! FIELDS d_abs file.free der_d_abs
#! SET min_d_abs -0.707107
#! SET max_d_abs 9.27692
#! SET nbins_d_abs  143
#! SET periodic_d_abs false
   -0.707107000  636.285139566   -0.000000000
   -0.636796951  634.895783285  -34.556012147
   -0.566486901  630.705122173  -92.259854540
   -0.496176852  620.464824913 -211.962245158
   -0.425866803  598.768131651 -422.006993585
   -0.355556754  558.834627659 -727.486000018
   -0.285246704  495.409982330 -1076.341289060
   -0.214936655  409.139297562 -1353.246369548
   -0.144626606  310.202418003 -1414.526566325
   -0.074316556  217.366594889 -1175.917455695
   -0.004006507  150.732559671 -690.526427796
    0.066303542  121.878242943 -138.145738756
    0.136613592  127.758701722  266.605512884
    0.206923641  152.962284101  403.858079616
    0.277233690  178.847443100  301.194020837
    0.347543739  192.677633065   85.629938504
    0.417853789  191.422596376 -109.702662634
    0.488163838  179.459731556 -213.537699766
    0.558473887  163.544756985 -227.218614380
    0.628783937  148.630569384 -193.264096231
    0.699093986  136.480873769 -154.000546287
    0.769404035  126.157440482 -135.032597408
    0.839714085  117.191520152 -122.383500639
    0.910024134  108.794687039 -116.955228833
    0.980334183  100.795545575 -109.856793291
    1.050644232   93.432696713  -99.298830848
    1.120954282   86.879444551  -87.700300277
    1.191264331   81.064662672  -77.612400588
    1.261574380   75.981184656  -66.016289565
    1.331884430   71.851136359  -51.337901658
    1.402194479   68.718820025  -38.446249170
    1.472504528   66.287365141  -32.893707984
    1.542814577   63.753938579  -41.040747713
    1.613124627   60.328311633  -56.760095401
    1.683434676   55.734365639  -73.942647862
    1.753744725   50.055032304  -86.556942555
    1.824054775   43.730086447  -92.703871987
    1.894364824   37.173053308  -92.914971512
    1.964674873   30.742252675  -89.424593861
    2.034984923   24.703646453  -81.190787569
    2.105294972   19.458935433  -67.008416180
    2.175605021   15.385610719  -48.227010402
    2.245915070   12.655065212  -29.429798255
    2.316225120   11.231531670  -11.515774141
    2.386535169   11.017530074    5.393700530
    2.456845218   11.893274690   18.560991667
    2.527155268   13.576082683   28.260421313
    2.597465317   15.751287031   32.562578144
    2.667775366   18.000624965   30.529023040
    2.738085415   19.881426081   21.545036959
    2.808395465   20.865503779    5.914978601
    2.878705514   20.737404247   -9.259803001
    2.949015563   19.735124201  -17.359057380
    3.019325613   18.542997467  -14.600846562
    3.089635662   17.800820977   -5.994769088
    3.159945711   17.771077489    4.467103141
    3.230255761   18.333437654   10.048744202
    3.300565810   19.039661338    8.871847385
    3.370875859   19.395361102    0.276499954
    3.441185908   19.096499954   -8.404877424
    3.511495958   18.276863130  -13.903050605
    3.581806007   17.307623469  -12.494269612
    3.652116056   16.640417038   -6.062573956
    3.722426106   16.453057650    0.655697798
    3.792736155   16.715299987    6.059240120
    3.863046204   17.171878569    6.267499276
    3.933356254   17.524951783    3.211772770
    4.003666303   17.565860399   -1.959912485
    4.073976352   17.279359947   -5.403474846
    4.144286401   16.850144585   -6.035091619
    4.214596451   16.476750838   -3.982110345
    4.284906500   16.321199477   -0.886507410
    4.355216549   16.359719535    1.392556273
    4.425526599   16.416448973   -0.166015706
    4.495836648   16.292332502   -3.738300154
    4.566146697   15.851618351   -9.021651497
    4.636456746   15.077177456  -12.748106687
    4.706766796   14.100903216  -14.910651690
    4.777076845   13.026670797  -15.523771653
    4.847386894   12.039258163  -12.127454794
    4.917696944   11.410125534   -4.915899021
    4.988006993   11.399228947    4.514231778
    5.058317042   12.004354774   11.891605355
    5.128627092   12.937341112   13.809626367
    5.198937141   13.901849298   12.880502194
    5.269247190   14.699072163    9.972448624
    5.339557239   15.358979484    8.973619258
    5.409867289   15.963545863    8.306637468
    5.480177338   16.570717304    8.810315410
    5.550487387   17.196949407    9.158765050
    5.620797437   17.867472597   10.437434919
    5.691107486   18.673242952   12.391340425
    5.761417535   19.531553731   11.119183979
    5.831727585   20.132854992    5.341676980
    5.902037634   20.282236854   -1.096911702
    5.972347683   20.074107073   -4.006626064
    6.042657732   19.859499524   -1.315678832
    6.112967782   19.921605274    3.227648399
    6.183277831   20.306932190    7.291414810
    6.253587880   20.888314686    8.625719247
    6.323897930   21.496911355    8.320150392
    6.394207979   22.052508891    7.299768078
    6.464518028   22.484355480    4.924687712
    6.534828077   22.699119333    1.300680422
    6.605138127   22.649395599   -2.600952587
    6.675448176   22.381628466   -4.564853759
    6.745758225   22.052569699   -4.385971101
    6.816068275   21.745878983   -4.200311307
    6.886378324   21.430975240   -4.695207795
    6.956688373   21.061090900   -5.805253915
    7.026998423   20.624647401   -6.250604658
    7.097308472   20.249776390   -4.160545504
    7.167618521   20.032761858   -1.853548203
    7.237928570   19.966526166   -0.274317884
    7.308238620   19.907186609   -1.781689312
    7.378548669   19.653259782   -5.861772000
    7.448858718   19.037643188  -11.800785507
    7.519168768   18.032747124  -16.156652558
    7.589478817   16.926402620  -13.664261538
    7.659788866   16.285910594   -3.885747319
    7.730098915   16.344435368    4.042952488
    7.800408965   16.583388405    0.571071325
    7.870719014   15.966653667  -29.331482217
    7.941029063   13.182531692  -46.360532085
    8.011339113   10.199149184  -31.608169760
    8.081649162    9.580097329   17.608114315
    8.151959211   12.484584754   58.676559985
    8.222269261   16.238709666   33.770814298
    8.292579310   15.444925663  -63.669010246
    8.362889359    7.744750332 -139.284219185
    8.433199408    0.000000000  -40.327969654
    8.503509458    8.434247410  323.874502179
    8.573819507   50.122707334  878.285976577
    8.644129556  131.287813496 1405.002819168
    8.714439606  241.716856224 1682.024249363
    8.784749655  359.780095770 1622.389173064
    8.855059704  463.702415507 1303.267944279
    8.925369754  540.785351949  887.391681025
    8.995679803  589.651653635  518.864803199
    9.065989852  616.441652112  263.042897859
    9.136299901  629.210985182  115.950707527
    9.206609951  634.497411553   44.065515815
    9.276920000  636.285139566   -0.000000000
