#! FIELDS d_abs file.free der_d_abs
#! SET min_d_abs -0.707107
#! SET max_d_abs 9.35582
#! SET nbins_d_abs  144
#! SET periodic_d_abs false
   -0.707107000  897.583945624   -0.000000000
   -0.636736881  894.761290882  -68.686299975
   -0.566366762  886.541394493 -179.500230404
   -0.495996643  866.753981925 -407.121846506
   -0.425626524  825.311620833 -800.624795261
   -0.355256406  750.057287128 -1361.193510123
   -0.284886287  632.216178944 -1981.883342965
   -0.214516168  475.041029291 -2434.515243912
   -0.144146049  299.637538643 -2462.756400874
   -0.073775930  141.534156307 -1942.462580467
   -0.003405811   36.037346689 -1013.567698096
    0.066964308    0.000000000  -37.526590148
    0.137334427   22.963014341  614.328446523
    0.207704545   74.889940615  783.565426970
    0.278074664  124.501165666  585.278368577
    0.348444783  154.654883226  273.713434217
    0.418814902  165.247852104   51.941236166
    0.489185021  165.592858486  -18.907509338
    0.559555140  164.945104682   10.540436537
    0.629925259  167.606169888   64.161855239
    0.700295378  173.459278050   97.188358544
    0.770665497  179.673456332   91.492461476
    0.841035615  185.893924761   81.429113770
    0.911405734  190.757530815   54.891843017
    0.981775853  193.552827372   25.097303266
    1.052145972  194.484879813    3.997941234
    1.122516091  194.633435872    4.931551383
    1.192886210  195.735192190   28.316513746
    1.263256329  198.720245953   55.669870547
    1.333626448  203.385192319   73.806695105
    1.403996566  208.752837058   76.433832265
    1.474366685  213.878301044   68.541569708
    1.544736804  218.397779960   60.717945772
    1.615106923  222.543895948   58.555771701
    1.685477042  226.820968140   63.882388934
    1.755847161  231.553667113   69.915890487
    1.826217280  236.489440022   68.763226496
    1.896587399  240.915404534   54.565272595
    1.966957517  243.875858971   27.717539366
    2.037327636  244.624695184   -6.550795554
    2.107697755  243.067988851  -35.454082463
    2.178067874  240.071537645  -45.729882802
    2.248437993  237.161931022  -33.039993031
    2.318808112  235.852520379   -2.075521682
    2.389178231  237.014772396   35.227916071
    2.459548350  240.632503464   65.627653009
    2.529918469  245.951646120   83.215261216
    2.600288587  251.976858428   84.989139457
    2.670658706  257.536235791   70.669384754
    2.741028825  261.736640653   47.827357245
    2.811398944  264.291493507   25.278087186
    2.881769063  265.446237134    9.153467126
    2.952139182  265.802967056    1.994631192
    3.022509301  265.906870890    1.935772495
    3.092879420  266.202061401    6.923275658
    3.163249538  266.908193727   13.296065540
    3.233619657  268.056869211   18.972156524
    3.303989776  269.483594829   20.500660065
    3.374359895  270.860782506   17.700572927
    3.444730014  271.912031092   12.034298218
    3.515100133  272.571578006    7.217760236
    3.585470252  272.973806443    4.848251109
    3.655840371  273.272722454    3.917124131
    3.726210490  273.553977807    4.149181460
    3.796580608  273.853744664    4.376193785
    3.866950727  274.169789948    4.147726962
    3.937320846  274.495360922    5.061457063
    4.007690965  274.897338904    6.309369389
    4.078061084  275.351115458    6.161459782
    4.148431203  275.722852741    4.287726072
    4.218801322  275.913512240    0.450452636
    4.289171441  275.800729595   -3.453466550
    4.359541559  275.441096480   -6.821487969
    4.429911678  274.938311378   -7.538786257
    4.500281797  274.427828887   -6.896065108
    4.570651916  273.972625008   -6.071667649
    4.641022035  273.522914377   -7.272224591
    4.711392154  272.950085688   -8.990311702
    4.781762273  272.273353161   -9.957216062
    4.852132392  271.630160130   -7.666436844
    4.922502510  271.263940408   -2.426092644
    4.992872629  271.292094490    3.025389301
    5.063242748  271.599205305    5.049997546
    5.133612867  271.940392478    4.127784350
    5.203982986  272.129793337    1.270949186
    5.274353105  272.121275742   -1.321375123
    5.344723224  271.937160213   -3.957439733
    5.415093343  271.538345196   -7.349231887
    5.485463462  270.912980718  -10.235653143
    5.555833580  270.147572226  -11.385221938
    5.626203699  269.379352616  -10.089828635
    5.696573818  268.819442630   -5.656633859
    5.766943937  268.567497292   -1.974600885
    5.837314056  268.502092249   -0.459583936
    5.907684175  268.452361965   -0.943849357
    5.978054294  268.325995078   -2.247119234
    6.048424413  268.125439563   -3.419632938
    6.118794531  267.850503965   -4.182013045
    6.189164650  267.467850447   -7.171618939
    6.259534769  266.787683955  -12.102648887
    6.329904888  265.792286714  -15.564746508
    6.400275007  264.641855493  -16.310808069
    6.470645126  263.573131972  -13.428322332
    6.541015245  262.814146476   -8.278674495
    6.611385364  262.364409316   -4.656658374
    6.681755483  262.093200800   -3.354920647
    6.752125601  261.835867192   -4.239608182
    6.822495720  261.482223556   -5.204303633
    6.892865839  261.158466686   -3.275698816
    6.963235958  261.044267684   -0.053308433
    7.033606077  261.146295142    3.092045773
    7.103976196  261.411552214    4.116256256
    7.174346315  261.684991142    2.923383625
    7.244716434  261.801335259    0.244179156
    7.315086552  261.758582175   -1.062909395
    7.385456671  261.694182131   -0.083802024
    7.455826790  261.784786937    2.952534962
    7.526196909  262.132448082    6.718256294
    7.596567028  262.666238105    7.912463942
    7.666937147  263.206016033    7.140007923
    7.737307266  263.576626360    2.736956417
    7.807677385  263.452771294   -6.938745270
    7.878047503  262.583425585  -16.827482891
    7.948417622  261.173358932  -34.467507843
    8.018787741  259.045134396  -21.034303996
    8.089157860  258.845677358   18.231013218
    8.159527979  261.443534781   49.262920473
    8.229898098  263.944285134    3.184668140
    8.300268217  258.769015816 -172.178388032
    8.370638336  237.546168617 -434.673345602
    8.441008455  199.534609072 -612.164261760
    8.511378573  158.632604716 -484.822039415
    8.581748692  141.060843455   49.863916653
    8.652118811  172.337468857  862.414620873
    8.722488930  261.623185999 1640.112123735
    8.792859049  394.964651979 2075.151246394
    8.863229168  542.683320009 2049.178133734
    8.933599287  674.889878565 1665.739005508
    9.003969406  773.877922782 1142.899995907
    9.074339524  837.045579504  671.773010898
    9.144709643  871.789373022  341.141688977
    9.215079762  888.363800215  150.339608209
    9.285449881  895.238818137   57.405508157
    9.355820000  897.583945624   -0.000000000
