#! FIELDS d_abs file.free der_d_abs
#! SET min_d_abs -0.707107
#! SET max_d_abs 9.35582
#! SET nbins_d_abs  144
#! SET periodic_d_abs false
   -0.707107000  353.103632195   -0.000000000
   -0.636736881  352.800672109   -8.441163134
   -0.566366762  351.741108326  -23.617545194
   -0.495996643  349.062105649  -56.302785247
   -0.425626524  343.179840820 -115.862635800
   -0.355256406  331.997000648 -206.974929319
   -0.284886287  313.530694975 -319.365214261
   -0.214516168  287.247941929 -422.785246287
   -0.144146049  255.234045332 -475.039065240
   -0.073775930  222.444521468 -441.608597211
   -0.003405811  195.098060079 -324.049328135
    0.066964308  177.798412853 -166.403898025
    0.137334427  171.055079830  -34.583372551
    0.207704545  171.108888606   21.817752575
    0.278074664  172.257005976    0.134199807
    0.348444783  170.244117947  -58.633062311
    0.418814902  164.470473479  -98.019258971
    0.489185021  157.792031535  -81.346351762
    0.559555140  154.271646868  -12.350213539
    0.629925259  156.409956538   71.781186896
    0.700295378  163.642407314  125.705926284
    0.770665497  172.666488839  122.281182653
    0.841035615  179.678482967   69.813527155
    0.911405734  181.796388482  -12.483320914
    0.981775853  177.849223581  -98.539222680
    1.052145972  168.271481407 -170.158067432
    1.122516091  154.522160284 -214.940220015
    1.192886210  138.880600932 -223.531346492
    1.263256329  123.992144436 -193.423674289
    1.333626448  112.468902027 -131.111975418
    1.403996566  105.687458973  -63.357175525
    1.474366685  102.849503518  -24.673545507
    1.544736804  100.940255432  -39.051681025
    1.615106923   96.104895745 -104.558883797
    1.685477042   85.860771032 -185.306202490
    1.755847161   70.791419259 -234.198113794
    1.826217280   54.432300602 -218.974984738
    1.896587399   41.432477528 -142.420662443
    1.966957517   35.073678709  -37.464261240
    2.037327636   35.701412434   49.058457297
    2.107697755   40.764514853   85.409862883
    2.178067874   46.445788981   68.496723146
    2.248437993   49.595573215   18.054127321
    2.318808112   48.911003147  -35.759980101
    2.389178231   45.047191212  -69.404545092
    2.459548350   39.802552736  -75.336741800
    2.529918469   34.962889239  -59.476319972
    2.600288587   31.648125164  -34.886080879
    2.670658706   29.907739936  -16.481431689
    2.741028825   29.087216873   -8.864937139
    2.811398944   28.492428560   -8.923442486
    2.881769063   27.784161091  -11.114201401
    2.952139182   26.931847327  -13.474294323
    3.022509301   25.842001150  -17.799168762
    3.092879420   24.418708965  -22.576208634
    3.163249538   22.710921737  -25.266158808
    3.233619657   20.961236618  -23.767529604
    3.303989776   19.441075529  -19.429614326
    3.374359895   18.257371681  -14.748550656
    3.444730014   17.278434712  -13.669643818
    3.515100133   16.264127137  -15.349877706
    3.585470252   15.087808036  -17.643707513
    3.655840371   13.815155693  -17.927108097
    3.726210490   12.631524646  -15.499509401
    3.796580608   11.623573570  -13.498174164
    3.866950727   10.661518377  -14.820188419
    3.937320846    9.528148496  -17.470354630
    4.007690965    8.280242741  -17.306183331
    4.078061084    7.224525164  -11.767986521
    4.148431203    6.768755966   -0.259610987
    4.218801322    7.219697725   12.355926970
    4.289171441    8.437144670   21.274548115
    4.359541559   10.027748310   22.353034430
    4.429911678   11.483255394   17.866848980
    4.500281797   12.511296384   11.324848663
    4.570651916   13.121034058    6.475356764
    4.641022035   13.476745337    3.792789418
    4.711392154   13.728334612    3.616312208
    4.781762273   14.012133483    4.635672678
    4.852132392   14.405423590    6.870371695
    4.922502510   15.001218353    9.996144328
    4.992872629   15.785243216   12.055704959
    5.063242748   16.617433530   11.210182865
    5.133612867   17.352366742    9.617506505
    5.203982986   17.976472044    8.358380959
    5.274353105   18.537147917    7.734551111
    5.344723224   19.039644332    6.390479493
    5.415093343   19.412922025    4.282353928
    5.485463462   19.698168836    4.483110899
    5.555833580   20.149490732    8.854333388
    5.626203699   20.999750971   15.220315939
    5.696573818   22.250077039   19.160702231
    5.766943937   23.470766152   13.602708890
    5.837314056   23.970177616   -0.501659961
    5.907684175   23.376420083  -15.394060720
    5.978054294   21.971124333  -22.115607913
    6.048424413   20.528447213  -17.082751447
    6.118794531   19.700315244   -6.108989168
    6.189164650   19.512542491   -0.987160962
    6.259534769   19.286501662   -6.953224067
    6.329904888   18.372544176  -19.307211528
    6.400275007   16.591794247  -30.120805971
    6.470645126   14.312369383  -33.067159825
    6.541015245   12.137314505  -28.178458107
    6.611385364   10.358809489  -22.487486353
    6.681755483    8.885767736  -19.829051374
    6.752125601    7.520895833  -18.943246022
    6.822495720    6.286364114  -14.877396520
    6.892865839    5.593910135   -3.513549760
    6.963235958    5.851894531   10.544444148
    7.033606077    6.981066356   20.668854139
    7.103976196    8.549766541   22.622057371
    7.174346315   10.038968448   18.872865988
    7.244716434   11.211758763   14.902689182
    7.315086552   12.264671495   15.925933623
    7.385456671   13.535659732   20.857907829
    7.455826790   15.191431922   25.999358595
    7.526196909   17.125840198   28.093604130
    7.596567028   19.021936537   24.955647263
    7.666937147   20.600980231   19.638529982
    7.737307266   21.683919501   10.541191263
    7.807677385   21.958896552   -3.419251098
    7.878047503   21.150411564  -19.263187013
    7.948417622   19.305007234  -36.174943152
    8.018787741   16.807036053  -30.629641457
    8.089157860   15.574449234   -0.919889516
    8.159527979   16.880926176   36.830930379
    8.229898098   20.066851360   45.921425333
    8.300268217   21.936842612   -2.961003131
    8.370638336   18.581266911  -94.845584579
    8.441008455    9.340415536 -153.715776056
    8.511378573    0.000000000  -84.314097883
    8.581748692    1.489164569  152.367294889
    8.652118811   23.973668833  493.919035970
    8.722488930   70.273582647  804.442217413
    8.792859049  133.421010883  957.403700903
    8.863229168  200.321973487  913.239896600
    8.933599287  258.531054948  724.781407638
    9.003969406  301.211174114  488.088513412
    9.074339524  328.009723811  282.911698062
    9.144709643  342.555098406  141.778504404
    9.215079762  349.403242604   61.663980391
    9.285449881  352.202130263   23.072396070
    9.355820000  353.103632195   -0.000000000
