#! FIELDS d_abs file.free der_d_abs
#! SET min_d_abs -0.707107
#! SET max_d_abs 9.39468
#! SET nbins_d_abs  144
#! SET periodic_d_abs false
   -0.707107000  538.607464873   -0.000000000
   -0.636465133  537.514290590  -27.446886966
   -0.565823266  534.175439181  -73.132935624
   -0.495181399  526.012785331 -168.257564942
   -0.424539531  508.702124772 -335.085676009
   -0.353897664  476.858868948 -577.164768226
   -0.283255797  426.335242512 -852.457352780
   -0.212613930  357.837011906 -1066.906626317
   -0.141972063  279.718212236 -1108.222739710
   -0.071330196  206.830254718 -916.818241570
   -0.000688329  154.567782909 -542.850914097
    0.069953538  130.921099573 -135.430665337
    0.140595406  132.392657147  146.126449928
    0.211237273  146.704056759  225.382867376
    0.281879140  160.247684307  138.095280995
    0.352521007  164.688180013  -13.998288251
    0.423162874  159.000278745 -137.063755551
    0.493804741  146.949857905 -192.223436781
    0.564446608  133.363179351 -183.978201811
    0.635088476  121.796017560 -139.854677595
    0.705730343  113.800272850  -87.026106004
    0.776372210  108.799166841  -50.799596239
    0.847014077  106.105207243  -29.289831229
    0.917655944  104.158209299  -28.081340760
    0.988297811  101.930576328  -35.276417452
    1.058939678   99.228706792  -39.880340394
    1.129581545   96.448778966  -38.001534578
    1.200223413   93.966231062  -31.651297755
    1.270865280   91.968206264  -25.341187696
    1.341507147   90.250798486  -24.552630641
    1.412149014   88.176600155  -36.692807589
    1.482790881   84.624742451  -67.324783631
    1.553432748   78.242824369 -115.778256329
    1.624074615   68.288356076 -164.409918761
    1.694716483   55.549238414 -190.392541562
    1.765358350   42.381808812 -174.727107335
    1.836000217   31.692219942 -124.512009569
    1.906642084   24.852183355  -71.686352336
    1.977283951   21.028997948  -41.657518812
    2.047925818   18.251418375  -40.855944896
    2.118567685   14.984632043  -51.844972963
    2.189209552   11.252833475  -50.703878475
    2.259851420    8.260274848  -31.617338872
    2.330493287    6.831243941   -9.846027935
    2.401135154    6.508287172   -1.949086506
    2.471777021    6.321041164   -3.971570555
    2.542418888    5.999287282   -3.798253293
    2.613060755    6.068189271    7.608674586
    2.683702622    7.203248694   24.517551636
    2.754344490    9.372144244   35.103043875
    2.824986357   11.816836007   32.580015585
    2.895628224   13.746235851   21.107982194
    2.966270091   14.792100813    8.749295025
    3.036911958   15.122164697    0.507879532
    3.107553825   14.889964759   -7.480497569
    3.178195692   14.029327460  -17.024281091
    3.248837559   12.461522342  -27.120425576
    3.319479427   10.332227000  -32.327369877
    3.390121294    8.100865542  -29.427954011
    3.460763161    6.288635843  -21.891777668
    3.531405028    4.968849589  -16.362565674
    3.602046895    3.953143794  -12.918959357
    3.672688762    3.129102888  -10.426781362
    3.743330629    2.470048925   -8.073771366
    3.813972497    1.978644508   -5.505157964
    3.884614364    1.710711015   -2.097766425
    3.955256231    1.627191084   -1.090411013
    4.025898098    1.514870758   -2.703707148
    4.096539965    1.216913866   -5.567852552
    4.167181832    0.753463746   -6.765440351
    4.237823699    0.287176095   -5.661148204
    4.308465566    0.000000000   -2.111239114
    4.379107434    0.011751771    2.290289372
    4.449749301    0.273930395    4.658157955
    4.520391168    0.623179313    4.779932643
    4.591033035    0.966748846    4.929148005
    4.661674902    1.345368770    5.947718155
    4.732316769    1.816881104    7.409439659
    4.802958636    2.434987510   10.198245540
    4.873600503    3.271735941   13.281920838
    4.944242371    4.223019591   12.843815443
    5.014884238    5.010615383    9.215663770
    5.085526105    5.494468999    4.149105085
    5.156167972    5.609744913   -0.720684176
    5.226809839    5.411340497   -4.208131400
    5.297451706    5.076208264   -4.637662386
    5.368093573    4.848445287   -1.237793324
    5.438735441    4.986996774    5.230777646
    5.509377308    5.593560518   11.885895403
    5.580019175    6.627566318   17.044640224
    5.650661042    7.853859404   17.189645741
    5.721302909    8.976840873   13.921462939
    5.791944776    9.805280521    9.575087984
    5.862586643   10.357927506    6.332772163
    5.933228510   10.758333047    5.307881222
    6.003870378   11.160063032    6.125580254
    6.074512245   11.576387884    5.201725757
    6.145154112   11.816467323    1.252615706
    6.215795979   11.710210372   -4.151286980
    6.286437846   11.262395163   -8.005374281
    6.357079713   10.619928463   -9.753693322
    6.427721580   10.002829665   -7.121797222
    6.498363448    9.642186722   -2.787812464
    6.569005315    9.609826659    1.263373410
    6.639647182    9.747706938    1.993530942
    6.710289049    9.838713365    0.180352280
    6.780930916    9.757063079   -2.656694546
    6.851572783    9.454444758   -5.825999421
    6.922214650    8.981885190   -7.091336345
    6.992856517    8.551627923   -4.383128984
    7.063498385    8.409227380    1.000472308
    7.134140252    8.683104414    6.566813655
    7.204782119    9.328198884   11.193483095
    7.275423986   10.177615076   11.889091098
    7.346065853   10.930813084    8.976369639
    7.416707720   11.365907254    3.142266990
    7.487349587   11.325550549   -4.689233130
    7.557991455   10.720164237  -12.079991109
    7.628633322    9.640923270  -16.881122243
    7.699275189    8.533482829  -12.639430281
    7.769917056    8.062142970    0.040655783
    7.840558923    8.557347150   12.665580899
    7.911200790    9.557253176   13.455778746
    7.981842657   10.107002075   -8.686435228
    8.052484524    8.929063487  -21.842441640
    8.123126392    7.728461298   -6.177765539
    8.193768259    8.759533392   37.741920724
    8.264410126   12.796307970   69.663745142
    8.335051993   17.086623387   38.828244019
    8.405693860   16.703874516  -55.491815546
    8.476335727    9.746409402 -126.330662577
    8.546977594    2.589319434  -40.405687299
    8.617619462    9.573460297  275.208291744
    8.688261329   45.284965402  748.584002807
    8.758903196  114.640445374 1192.074928948
    8.829545063  208.489421866 1418.510082619
    8.900186930  308.218774403 1359.543527962
    8.970828797  395.460026516 1085.597270676
    9.041470664  459.793104235  734.962344958
    9.112112531  500.367891025  427.418227348
    9.182754399  522.472290975  215.087152114
    9.253396266  532.920542584   93.764839815
    9.324038133  537.193554545   35.182869554
    9.394680000  538.607464868    0.002540332
