#! FIELDS d_abs file.free der_d_abs
#! SET min_d_abs -0.707107
#! SET max_d_abs 9.39468
#! SET nbins_d_abs  144
#! SET periodic_d_abs false
   -0.707107000  821.868392368   -0.000000000
   -0.636465133  819.851366812  -49.350065543
   -0.565823266  813.898149183 -129.850590276
   -0.495181399  799.484833288 -295.947226379
   -0.424539531  769.185035885 -584.107542444
   -0.353897664  713.986839483 -995.700278031
   -0.283255797  627.349855517 -1453.384792094
   -0.212613930  511.477874311 -1790.070027555
   -0.141972063  381.827305823 -1816.539812989
   -0.071330196  264.363790660 -1444.807508720
   -0.000688329  184.753682977 -779.193331336
    0.069953538  154.971207563  -83.689474747
    0.140595406  167.272961904  377.516011030
    0.211237273  200.088002523  496.748355167
    0.281879140  231.268106414  356.903660043
    0.352521007  248.528410879  131.643574559
    0.423162874  251.143526332  -43.089417193
    0.493804741  244.556325305 -129.751693345
    0.564446608  234.340071632 -152.198211168
    0.635088476  223.703798362 -146.108308960
    0.705730343  213.942912017 -128.887372543
    0.776372210  204.932015629 -112.039833556
    0.847014077  198.191556828  -78.594070319
    0.917655944  193.818527570  -44.929382466
    0.988297811  191.793087619  -13.004739321
    1.058939678  191.802042370   11.830905138
    1.129581545  193.159565571   24.075778361
    1.200223413  194.919448700   24.273385641
    1.270865280  196.422411845   17.933771059
    1.341507147  197.491810978   13.289768888
    1.412149014  198.354930784   11.560955598
    1.482790881  199.070801723    7.495954625
    1.553432748  199.211291971   -5.216007636
    1.624074615  198.335024929  -18.837000560
    1.694716483  196.834125460  -20.407480633
    1.765358350  195.977647923    0.152647367
    1.836000217  197.146822047   32.785768428
    1.906642084  200.280258131   51.565650317
    1.977283951  203.788090484   42.829340795
    2.047925818  205.725959551    9.242713581
    2.118567685  204.938483069  -31.326846623
    2.189209552  201.595651297  -60.966641367
    2.259851420  196.629642477  -77.989245461
    2.330493287  190.628312837  -91.820425799
    2.401135154  183.616511914 -105.864936284
    2.471777021  176.035470570 -104.830221442
    2.542418888  169.443847279  -77.224655045
    2.613060755  165.688976898  -26.592019583
    2.683702622  165.729293395   26.061117193
    2.754344490  168.892857562   59.168994253
    2.824986357  173.392120859   64.563429272
    2.895628224  177.551674733   51.091313604
    2.966270091  180.513767286   32.885795030
    3.036911958  182.374639787   20.361843339
    3.107553825  183.532151986   12.870642627
    3.178195692  184.262129919    8.186218559
    3.248837559  184.673773768    3.376980621
    3.319479427  184.786329167   -0.356603043
    3.390121294  184.665542838   -2.835721004
    3.460763161  184.370160046   -6.045911206
    3.531405028  183.761232035  -11.730458721
    3.602046895  182.777791703  -15.820959602
    3.672688762  181.620910410  -16.261215866
    3.743330629  180.528159533  -14.285322522
    3.813972497  179.605096303  -11.497000653
    3.884614364  178.931600807   -7.421334163
    3.955256231  178.542129681   -4.028944078
    4.025898098  178.381772355   -0.721638745
    4.096539965  178.436256379    2.329998224
    4.167181832  178.680325419    4.680261373
    4.237823699  179.001024663    4.259548677
    4.308465566  179.214246966    1.588934203
    4.379107434  179.213395080   -1.645489414
    4.449749301  178.988336740   -4.519234055
    4.520391168  178.634014411   -5.256187876
    4.591033035  178.336382895   -2.877560551
    4.661674902  178.253025664    0.437372921
    4.732316769  178.350714971    1.822400787
    4.802958636  178.491257852    2.008866769
    4.873600503  178.656360736    2.753638893
    4.944242371  178.870432842    3.259724166
    5.014884238  179.146588168    5.017812122
    5.085526105  179.612966506    8.018801009
    5.156167972  180.265089933   10.123785604
    5.226809839  180.963313421    9.450932241
    5.297451706  181.535968057    6.607023269
    5.368093573  181.902862672    4.018020976
    5.438735441  182.179952739    4.094468532
    5.509377308  182.538679171    6.467379838
    5.580019175  183.120264695   10.044775056
    5.650661042  183.843654143   10.074797663
    5.721302909  184.461312332    6.602055798
    5.791944776  184.733287562    0.907077188
    5.862586643  184.597104912   -4.574068758
    5.933228510  184.153971150   -7.522505460
    6.003870378  183.627122503   -6.921233388
    6.074512245  183.192513784   -5.349141372
    6.145154112  182.853701207   -4.205732070
    6.215795979  182.587788246   -3.106873410
    6.286437846  182.432414840   -1.070171500
    6.357079713  182.410808047    0.294655126
    6.427721580  182.503779796    2.326725459
    6.498363448  182.700853478    3.263230443
    6.569005315  182.963277807    3.827101198
    6.639647182  183.234584637    3.860823928
    6.710289049  183.544196792    5.056344190
    6.780930916  183.981621994    7.255902103
    6.851572783  184.537313228    8.120510090
    6.922214650  185.085917217    7.102582590
    6.992856517  185.527144151    5.349443781
    7.063498385  185.806003030    2.774880570
    7.134140252  185.881874328   -0.812890411
    7.204782119  185.712689043   -4.085995393
    7.275423986  185.298421568   -7.928228431
    7.346065853  184.635426474  -10.336248833
    7.416707720  183.891545295  -10.050198148
    7.487349587  183.247231178   -8.434907258
    7.557991455  182.678600962   -8.071078377
    7.628633322  181.953148889  -12.518919396
    7.699275189  180.848302915  -18.632473322
    7.769917056  179.373059743  -22.684519989
    7.840558923  177.770988568  -22.096718384
    7.911200790  176.371203072  -15.944300982
    7.981842657  175.708808154  -18.737976639
    8.052484524  174.948173882   -0.205588985
    8.123126392  175.981909572   29.647041476
    8.193768259  178.581105619   34.488163374
    8.264410126  178.632882802  -54.749732521
    8.335051993  167.411251440 -286.324534761
    8.405693860  136.006911455 -604.763521225
    8.476335727   84.422759712 -816.453974129
    8.546977594   29.025495271 -676.898704761
    8.617619462    0.000000000  -70.837780194
    8.688261329   26.727088404  855.171163850
    8.758903196  120.075355516 1749.224559297
    8.829545063  264.708999452 2262.358836439
    8.900186930  427.270377375 2256.133218623
    8.970828797  573.809303364 1843.994066775
    9.041470664  683.969022365 1268.732917518
    9.112112531  754.400089295  746.347685183
    9.182754399  793.155060284  378.942080507
    9.253396266  811.628526145  166.627642794
    9.324038133  819.261430852   63.346037349
    9.394680000  821.868392355    0.008352220
