#! FIELDS time d_abs s2.mean
 0.000000 7.814867 0.830001
 1000.000000 1.037556 0.820616
 2000.000000 3.573058 0.827266
 3000.000000 7.452279 0.839618
 4000.000000 7.939280 0.827493
 5000.000000 3.410129 0.826220
 6000.000000 2.596244 0.831599
 7000.000000 2.131514 0.826257
 8000.000000 0.833319 0.854836
 9000.000000 0.025745 0.848681
 10000.000000 1.382482 0.847104
 11000.000000 0.956267 0.834519
 12000.000000 2.410526 0.831027
 13000.000000 1.922810 0.851350
 14000.000000 2.589034 0.854380
 15000.000000 8.183825 0.853497
 16000.000000 6.130894 0.851906
 17000.000000 3.925062 0.848801
 18000.000000 3.763954 0.858491
 19000.000000 4.252864 0.838824
 20000.000000 8.683336 0.841657
 21000.000000 8.682873 0.843740
 22000.000000 7.263566 0.841395
 23000.000000 5.023362 0.861421
 24000.000000 7.306444 0.839430
 25000.000000 4.314537 0.832539
 26000.000000 2.865016 0.836242
 27000.000000 4.935372 0.839663
 28000.000000 6.965487 0.823461
 29000.000000 6.994597 0.833146
 30000.000000 4.314856 0.835494
 31000.000000 4.487568 0.826673
 32000.000000 5.619868 0.853700
 33000.000000 7.691702 0.843354
 34000.000000 7.845080 0.828145
 35000.000000 6.209426 0.840136
 36000.000000 2.744474 0.832810
 37000.000000 3.774294 0.832407
 38000.000000 6.869432 0.837376
 39000.000000 3.533026 0.834780
 40000.000000 3.240428 0.850429
 41000.000000 4.415204 0.837051
 42000.000000 8.385704 0.837673
 43000.000000 6.469264 0.842319
 44000.000000 6.071295 0.842932
 45000.000000 7.199917 0.845950
 46000.000000 3.756029 0.851448
 47000.000000 4.753808 0.841379
 48000.000000 4.567074 0.850470
 49000.000000 2.273848 0.843009
 50000.000000 2.359429 0.843912
 51000.000000 2.046462 0.847958
 52000.000000 1.401376 0.857897
 53000.000000 0.840539 0.862728
 54000.000000 1.729201 0.840905
 55000.000000 1.653973 0.844497
 56000.000000 1.724363 0.844023
 57000.000000 1.095455 0.845052
 58000.000000 0.444167 0.823794
 59000.000000 0.360451 0.851826
 60000.000000 0.003523 0.846764
 61000.000000 0.006320 0.851009
 62000.000000 0.007010 0.857461
 63000.000000 0.000621 0.862062
 64000.000000 0.010542 0.846587
 65000.000000 0.006581 0.854980
 66000.000000 0.002790 0.857213
 67000.000000 1.033891 0.851760
 68000.000000 1.352200 0.860310
 69000.000000 1.073562 0.838786
 70000.000000 0.529273 0.832071
 71000.000000 0.624693 0.848185
 72000.000000 1.588132 0.848087
 73000.000000 2.134123 0.833588
 74000.000000 2.231288 0.841367
 75000.000000 2.975841 0.838581
 76000.000000 3.929398 0.836253
 77000.000000 8.344609 0.853532
 78000.000000 7.043113 0.844209
 79000.000000 5.702367 0.840045
 80000.000000 4.891634 0.841608
 81000.000000 6.461754 0.834758
 82000.000000 7.316197 0.836314
 83000.000000 8.676733 0.841845
 84000.000000 8.686739 0.853259
 85000.000000 8.684684 0.848001
 86000.000000 8.685603 0.848073
 87000.000000 8.685439 0.842940
 88000.000000 8.666832 0.839822
 89000.000000 8.686032 0.835183
 90000.000000 8.687487 0.843724
 91000.000000 8.685092 0.851509
 92000.000000 8.686259 0.860685
 93000.000000 8.677748 0.831655
 94000.000000 8.686099 0.846598
 95000.000000 8.687140 0.836058
 96000.000000 8.686966 0.861889
 97000.000000 8.685758 0.844379
 98000.000000 8.685046 0.828459
 99000.000000 8.681118 0.840931
 100000.000000 8.676598 0.853627
 101000.000000 8.686109 0.850910
 102000.000000 8.686118 0.850938
 103000.000000 8.679150 0.834359
 104000.000000 8.685225 0.841907
 105000.000000 8.680596 0.853649
 106000.000000 5.052977 0.836124
 107000.000000 5.555983 0.863155
 108000.000000 4.821626 0.853687
 109000.000000 4.819317 0.850232
 110000.000000 3.216352 0.841036
 111000.000000 2.579075 0.859171
 112000.000000 2.490061 0.833734
 113000.000000 4.068765 0.858521
 114000.000000 7.461682 0.848834
 115000.000000 5.334896 0.846725
 116000.000000 7.273905 0.852624
 117000.000000 5.649212 0.855004
 118000.000000 8.050681 0.843444
 119000.000000 3.898787 0.846524
 120000.000000 3.791719 0.850188
 121000.000000 5.973415 0.855924
 122000.000000 6.873474 0.846456
 123000.000000 7.117787 0.848018
 124000.000000 5.622790 0.847955
 125000.000000 8.230562 0.863908
 126000.000000 5.806991 0.849109
 127000.000000 3.525591 0.827110
 128000.000000 5.135710 0.840174
 129000.000000 3.694837 0.849046
 130000.000000 7.690273 0.839740
 131000.000000 6.005397 0.853846
 132000.000000 8.259112 0.835227
 133000.000000 7.108850 0.834990
 134000.000000 3.443789 0.835850
 135000.000000 2.951502 0.834672
 136000.000000 2.564236 0.822411
 137000.000000 2.556160 0.824180
 138000.000000 3.093581 0.838906
 139000.000000 4.210551 0.844597
 140000.000000 5.484349 0.830641
 141000.000000 5.716918 0.828147
 142000.000000 3.916885 0.821031
 143000.000000 5.983079 0.839203
 144000.000000 3.789446 0.838825
 145000.000000 3.806087 0.842909
 146000.000000 4.482865 0.832861
 147000.000000 8.252941 0.829126
 148000.000000 8.239113 0.836956
 149000.000000 6.257799 0.838516
 150000.000000 3.522588 0.821070
 151000.000000 3.995861 0.844796
 152000.000000 5.305531 0.837670
 153000.000000 6.207200 0.831896
 154000.000000 7.184614 0.839591
 155000.000000 5.491234 0.831041
 156000.000000 5.127689 0.828948
 157000.000000 4.215621 0.829706
 158000.000000 3.229667 0.858468
 159000.000000 4.952566 0.832846
 160000.000000 2.978201 0.841062
 161000.000000 2.796721 0.841513
 162000.000000 5.668304 0.842811
 163000.000000 7.903995 0.832265
 164000.000000 8.198418 0.826231
 165000.000000 4.666832 0.832148
 166000.000000 4.488942 0.832469
 167000.000000 7.025154 0.845495
 168000.000000 6.523642 0.848696
 169000.000000 5.522569 0.839950
 170000.000000 7.525020 0.837991
 171000.000000 6.779349 0.832995
 172000.000000 7.269679 0.845705
 173000.000000 8.164159 0.846937
 174000.000000 7.031592 0.840457
 175000.000000 7.659213 0.856333
 176000.000000 6.754133 0.841395
 177000.000000 4.723697 0.831209
 178000.000000 3.805022 0.848042
 179000.000000 3.263692 0.843620
 180000.000000 6.683100 0.848651
 181000.000000 7.834617 0.842864
 182000.000000 7.954840 0.824476
 183000.000000 7.519656 0.832695
 184000.000000 4.165577 0.834273
 185000.000000 4.756878 0.838236
 186000.000000 3.639198 0.842767
 187000.000000 2.360793 0.839219
 188000.000000 2.076526 0.839428
 189000.000000 1.993353 0.863717
 190000.000000 2.020705 0.833413
 191000.000000 2.395214 0.846138
 192000.000000 2.646607 0.867842
 193000.000000 3.010955 0.838253
 194000.000000 3.226855 0.847534
 195000.000000 2.925668 0.842626
 196000.000000 4.097382 0.826626
 197000.000000 5.079240 0.820900
 198000.000000 6.580184 0.837127
 199000.000000 6.307452 0.847491
 200000.000000 8.284833 0.827985
