#! FIELDS d_abs file.free der_d_abs
#! SET min_d_abs -0.707106
#! SET max_d_abs 9.46988
#! SET nbins_d_abs  145
#! SET periodic_d_abs false
   -0.707106000  590.817723640   -0.000000000
   -0.636432486  589.077512399  -43.475103374
   -0.565758972  583.821071273 -114.596609844
   -0.495085458  571.098823086 -261.110285872
   -0.424411944  544.310828106 -517.010144712
   -0.353738431  495.344825217 -884.155409372
   -0.283064917  418.303332977 -1292.440365485
   -0.212391403  315.161584239 -1593.366016228
   -0.141717889  199.667913559 -1617.667844506
   -0.071044375   95.114620921 -1282.956405592
   -0.000370861   24.819833327 -678.294421525
    0.070302653    0.000000000  -40.875366613
    0.140976167   14.111829796  391.764042466
    0.211649681   47.964152953  516.367199002
    0.282323194   81.389562034  402.080367933
    0.352996708  102.867843136  204.526583914
    0.423670222  111.309827321   47.029356165
    0.494343736  111.542867636  -27.217672184
    0.565017250  109.003026124  -36.876162308
    0.635690764  107.033045656  -16.292505227
    0.706364278  106.884599773   12.531036250
    0.777037792  108.143522881   33.842104961
    0.847711306  111.498011448   58.535811837
    0.918384819  116.070744607   68.592411420
    0.989058333  120.875882965   65.465357113
    1.059731847  125.136817362   54.488650307
    1.130405361  128.578117610   43.050342206
    1.201078875  131.225774560   32.503291668
    1.271752389  133.281766652   26.660939901
    1.342425903  135.170431791   27.927281121
    1.413099417  137.348130639   33.576790852
    1.483772931  139.874009369   37.507146601
    1.554446444  142.501806450   34.435709024
    1.625119958  144.434517207   18.224264219
    1.695793472  144.881482040   -5.686468058
    1.766466986  143.694140682  -26.217309680
    1.837140500  141.424153814  -35.753154078
    1.907814014  138.965834942  -31.958619650
    1.978487528  137.112628720  -20.183237654
    2.049161042  136.101281239   -9.002481671
    2.119834556  135.815875328    1.084417875
    2.190508069  136.238400339   10.625215510
    2.261181583  137.245505340   17.031009438
    2.331855097  138.515139725   17.751297636
    2.402528611  139.525721086    9.188722745
    2.473202125  139.573250638   -9.051720299
    2.543875639  138.070372398  -34.494584982
    2.614549153  134.545386682  -65.169571035
    2.685222667  128.886700438  -94.631711857
    2.755896181  121.321557577 -117.823045620
    2.826569694  112.532878045 -128.008885720
    2.897243208  103.668621229 -120.238977346
    2.967916722   95.828304966 -101.041605271
    3.038590236   89.437030818  -80.935055656
    3.109263750   84.279066496  -66.348866318
    3.179937264   79.910615498  -57.386397523
    3.250610778   76.162315496  -48.065933135
    3.321284292   73.258476087  -32.980123931
    3.391957806   71.547151762  -16.001386292
    3.462631319   70.932509997   -1.712768423
    3.533304833   71.279466358   11.149640234
    3.603978347   72.454130402   21.356208499
    3.674651861   74.145605720   24.892735905
    3.745325375   75.707766425   17.090887582
    3.815998889   76.256049583   -2.933392768
    3.886672403   75.239932588  -24.441834910
    3.957345917   73.132683293  -32.041001704
    4.028019431   71.185696190  -19.516825417
    4.098692944   70.690376571    6.436596347
    4.169366458   72.075723307   31.482735262
    4.240039972   74.818131278   44.054085776
    4.310713486   77.996347869   44.156687402
    4.381387000   80.971812946   39.689968820
    4.452060514   83.610626135   35.359128631
    4.522734028   86.044491836   33.653431645
    4.593407542   88.322551268   30.446849569
    4.664081056   90.261439724   23.822571881
    4.734754569   91.691089530   16.731266114
    4.805428083   92.711956083   13.213732970
    4.876101597   93.835931199   21.044494677
    4.946775111   96.006700947   41.741871377
    5.017448625   99.906262846   68.659367379
    5.088122139  105.591550042   90.378373465
    5.158795653  112.358189917   98.625867138
    5.229469167  119.161943822   91.397707769
    5.300142681  125.023667190   73.506146424
    5.370816194  129.490641802   52.892683250
    5.441489708  132.624975854   37.037008801
    5.512163222  134.850037011   26.566933523
    5.582836736  136.497972730   20.371703436
    5.653510250  137.746543433   15.440609422
    5.724183764  138.733987748   13.015248506
    5.794857278  139.658091901   13.735068610
    5.865530792  140.734566927   17.554651300
    5.936204306  142.178438884   23.442299052
    6.006877819  143.981305706   27.457003212
    6.077551333  145.943875262   27.049430947
    6.148224847  147.705768928   22.112294843
    6.218898361  149.001479163   14.070010912
    6.289571875  149.705005677    5.961003638
    6.360245389  149.939236938    1.139287927
    6.430918903  149.942845957   -0.191282604
    6.501592417  149.995358813    2.030780432
    6.572265931  150.277221301    6.024089430
    6.642939444  150.806864704    8.302303434
    6.713612958  151.385027473    7.179753748
    6.784286472  151.702702706    1.412680064
    6.854959986  151.563543650   -5.581058295
    6.925633500  150.908466213  -12.651965878
    6.996307014  149.853042817  -16.982490334
    7.066980528  148.594983968  -17.798904699
    7.137654042  147.463097966  -13.562344201
    7.208327556  146.742074958   -6.357492689
    7.279001069  146.591093449    2.115048609
    7.349674583  146.984637711    8.215978050
    7.420348097  147.682441739   10.823844537
    7.491021611  148.378431405    7.898952927
    7.561695125  148.770908399    2.755666995
    7.632368639  148.745874855   -3.463415022
    7.703042153  148.323657963   -8.029626190
    7.773715667  147.757770228   -6.827570729
    7.844389181  147.511186218    0.687293434
    7.915062694  147.889514616    9.672174899
    7.985736208  148.705559424   11.569636518
    8.056409722  149.182137690  -10.356502559
    8.127083236  147.654347637  -32.940215953
    8.197756750  144.730371807  -47.568597725
    8.268430264  141.090256673  -56.448892794
    8.339103778  136.129916127  -92.164664400
    8.409777292  126.496710833 -192.358631271
    8.480450806  107.779552001 -338.638394958
    8.551124319   79.973151118 -426.061050607
    8.621797833   52.421654805 -309.571748703
    8.692471347   42.840008999   82.060075745
    8.763144861   68.516235567  659.274891244
    8.833818375  135.254550040 1203.157744581
    8.904491889  232.605667313 1498.379082383
    8.975165403  339.190971513 1465.401591556
    9.045838917  433.788977000 1182.165379212
    9.116512431  504.111976362  805.405792326
    9.187185944  548.669163155  469.996148034
    9.257859458  573.005041449  236.864728324
    9.328532972  584.527106194  103.602796956
    9.399206486  589.262322577   38.994055878
    9.469880000  590.817723640    0.001809599
