#! FIELDS d_abs file.free der_d_abs
#! SET min_d_abs -0.707107
#! SET max_d_abs 9.26934
#! SET nbins_d_abs  143
#! SET periodic_d_abs false
   -0.707107000  809.574779579   -0.000000000
   -0.636850331  807.086037347  -61.090553600
   -0.566593662  799.764724257 -160.314791866
   -0.496336993  782.123650569 -363.497841992
   -0.426080324  745.158071419 -716.157733145
   -0.355823655  677.897686954 -1219.461131671
   -0.285566986  572.384679353 -1779.656537679
   -0.215310317  431.218509738 -2193.920101747
   -0.145053648  273.100696739 -2228.146068791
   -0.074796979  129.930529496 -1767.193948589
   -0.004540310   33.706041875 -933.009901939
    0.065716359    0.000000000  -49.800128869
    0.135973028   19.805168028  545.324166320
    0.206229697   66.258805054  706.303902936
    0.276486366  111.116923557  532.663603842
    0.346743035  138.619603050  250.528086659
    0.416999704  148.114798275   40.384783320
    0.487256373  147.301789671  -44.899888315
    0.557513042  143.730064210  -48.708445005
    0.627769711  140.921185175  -31.036090859
    0.698026380  139.185020981  -20.298945025
    0.768283049  137.073917494  -27.137479357
    0.838539718  135.352374141  -23.744885163
    0.908796387  133.574083961  -27.947781797
    0.979053056  131.322246084  -36.776405232
    1.049309725  128.475171059  -43.724763778
    1.119566394  125.368490104  -42.695304633
    1.189823063  122.725543808  -31.248230716
    1.260079732  121.078624487  -15.315618199
    1.330336401  120.499713082   -1.974412191
    1.400593070  120.627085415    3.899925951
    1.470849739  120.855898207    1.156848892
    1.541106408  120.563837359  -10.785121338
    1.611363077  119.195465021  -28.643045187
    1.681619746  116.642557808  -42.734862484
    1.751876415  113.476499640  -45.186387340
    1.822133085  110.615798693  -34.017039752
    1.892389754  108.900081014  -14.469300414
    1.962646423  108.590931371    5.004443604
    2.032903092  109.464885952   19.038180898
    2.103159761  111.212789934   30.429337959
    2.173416430  113.828937592   44.671143613
    2.243673099  117.534189071   60.873222142
    2.313929768  122.382023051   76.562697600
    2.384186437  128.106557104   84.853409367
    2.454443106  134.113638060   84.306662621
    2.524699775  139.706726585   73.662182494
    2.594956444  144.244421494   54.371569350
    2.665213113  147.250435656   31.038897615
    2.735469782  148.640441996    9.506331002
    2.805726451  148.741064496   -5.190553048
    2.875983120  148.102195486  -11.797198189
    2.946239789  147.190141773  -13.707695652
    3.016496458  146.191047756  -14.522518107
    3.086753127  145.168970580  -14.342712344
    3.157009796  144.147605609  -14.271058454
    3.227266465  143.204984988  -12.279023094
    3.297523134  142.439052063   -9.619844161
    3.367779803  141.817530220   -8.501478751
    3.438036472  141.199919192   -9.453035343
    3.508293141  140.528072281   -9.451815088
    3.578549810  139.949636992   -6.731807086
    3.648806479  139.590576561   -3.556928779
    3.719063148  139.386112171   -2.541362019
    3.789319817  139.166360934   -3.862725290
    3.859576486  138.847910250   -4.964815084
    3.929833155  138.531168734   -3.779503210
    4.000089824  138.380311159   -0.301360454
    4.070346493  138.494123390    3.000326863
    4.140603162  138.771368327    4.771606809
    4.210859831  139.138479526    5.589233104
    4.281116500  139.553411640    6.461052174
    4.351373169  140.058395555    7.823443655
    4.421629838  140.623007558    8.227485053
    4.491886507  141.156781014    6.609308912
    4.562143176  141.529307872    4.443889064
    4.632399845  141.810488381    3.783733333
    4.702656514  142.075416228    3.541661145
    4.772913183  142.296067310    2.501317788
    4.843169852  142.411721505    0.281497656
    4.913426521  142.335158532   -2.623039366
    4.983683190  142.080195178   -4.374420857
    5.053939859  141.752703887   -4.632371517
    5.124196528  141.438824397   -4.030668885
    5.194453197  141.161088468   -4.263454078
    5.264709866  140.818608254   -5.513208001
    5.334966535  140.432087981   -5.106895581
    5.405223204  140.092793191   -4.192197260
    5.475479873  139.862784195   -2.586043325
    5.545736542  139.720927937   -1.456376452
    5.615993211  139.559451967   -3.628205336
    5.686249880  139.201395776   -6.516357738
    5.756506549  138.651111582   -8.847915836
    5.826763218  137.997619911   -9.485451040
    5.897019887  137.378569816   -8.250092520
    5.967276556  136.898255426   -5.226370363
    6.037533225  136.634458584   -2.269346645
    6.107789894  136.562202000    0.065369766
    6.178046563  136.665547152    2.649905251
    6.248303232  136.926576620    4.463469157
    6.318559901  137.229690259    4.033049040
    6.388816570  137.425420377    1.368263504
    6.459073239  137.396094913   -2.150332867
    6.529329908  137.156729069   -4.060494124
    6.599586577  136.870066063   -3.965331573
    6.669843246  136.630675651   -2.717566528
    6.740099915  136.504053790   -0.684371377
    6.810356585  136.496810224    0.305244361
    6.880613254  136.527065174    0.306570821
    6.950869923  136.519777554   -0.457727573
    7.021126592  136.382048091   -3.354627966
    7.091383261  136.040165235   -6.135387774
    7.161639930  135.535245670   -7.583962242
    7.231896599  135.062831407   -5.372371748
    7.302153268  134.837576172   -0.834923753
    7.372409937  134.884601340    1.332284317
    7.442666606  134.870488419   -3.147455405
    7.512923275  134.334825388  -12.315112397
    7.583179944  133.231007465  -17.572136474
    7.653436613  132.107304563  -12.471121439
    7.723693282  131.620608409   -0.562704524
    7.793949951  132.018532690   12.038063846
    7.864206620  133.021894592    2.264657928
    7.934463289  133.162439268    2.755644570
    8.004719958  133.629975700   11.425447895
    8.074976627  134.571332984   10.210811159
    8.145233296  133.621879798  -52.519936861
    8.215489965  124.595600373 -222.811811823
    8.285746634  100.620395593 -461.052447030
    8.356003303   61.969554112 -605.016904368
    8.426259972   22.853292715 -443.113831510
    8.496516641    9.391813720  123.725281553
    8.566773310   46.745152321  961.725378386
    8.637029979  143.432162226 1753.262144546
    8.707286648  284.582583340 2187.923848804
    8.777543317  439.540625409 2147.307220689
    8.847799986  577.626363154 1740.069279291
    8.918056655  680.778848719 1191.931888418
    8.988313324  746.521578399  700.142006154
    9.058569993  782.682999160  355.789780688
    9.128826662  799.950762737  156.974235001
    9.199083331  807.119329881   60.042533885
    9.269340000  809.574779579    0.000920723
