#! FIELDS d_abs file.free der_d_abs
#! SET min_d_abs -0.707107
#! SET max_d_abs 9.26934
#! SET nbins_d_abs  143
#! SET periodic_d_abs false
   -0.707107000  809.574779579   -0.000000000
   -0.636850331  807.086037347  -61.090553600
   -0.566593662  799.764724257 -160.314791866
   -0.496336993  782.123650569 -363.497841992
   -0.426080324  745.158071419 -716.157733145
   -0.355823655  677.897686954 -1219.461131671
   -0.285566986  572.384679353 -1779.656537679
   -0.215310317  431.218509738 -2193.920101747
   -0.145053648  273.100696739 -2228.146068791
   -0.074796979  129.930529496 -1767.193948589
   -0.004540310   33.706041875 -933.009901939
    0.065716359    0.000000000  -49.800128869
    0.135973028   19.805168028  545.324166320
    0.206229697   66.258805054  706.303902936
    0.276486366  111.116923557  532.663603842
    0.346743035  138.619603050  250.528086659
    0.416999704  148.114798275   40.384783320
    0.487256373  147.301789671  -44.899888315
    0.557513042  143.730064210  -48.708445005
    0.627769711  140.921185175  -31.036090859
    0.698026380  139.185020981  -20.298945025
    0.768283049  137.073917494  -27.137479357
    0.838539718  135.352374141  -23.744885163
    0.908796387  133.574474728  -27.926492444
    0.979053056  131.328449427  -36.587244225
    1.049309725  128.513826635  -42.857136407
    1.119566394  125.521568325  -40.046701504
    1.189823063  123.180351711  -24.894808434
    1.260079732  122.196279268   -2.166016439
    1.330336401  122.904288966   22.292672394
    1.400593070  125.257720136   43.636320187
    1.470849739  128.902432189   58.792668262
    1.541106408  133.264991765   63.547628322
    1.611363077  137.565730010   57.279903199
    1.681619746  141.243959663   47.488000143
    1.751876415  144.368502922   42.733782733
    1.822133085  147.465549263   47.044148546
    1.892389754  151.096257548   55.974474442
    1.962646423  155.214827017   59.510770073
    2.032903092  159.144682744   50.231030268
    2.103159761  162.057787657   31.558701516
    2.173416430  163.620707547   13.836292702
    2.243673099  164.172633787    3.412869167
    2.313929768  164.365506480    3.667057228
    2.384186437  164.807835586    9.426770159
    2.454443106  165.750458476   17.005062589
    2.524699775  167.101347669   20.904531900
    2.594956444  168.519811052   18.427142991
    2.665213113  169.577928467   11.238750882
    2.735469782  170.069762752    3.150320482
    2.805726451  170.077594888   -2.228791206
    2.875983120  169.839804785   -4.082990269
    2.946239789  169.522514501   -4.966400707
    3.016496458  169.111136711   -6.703390812
    3.086753127  168.600951143   -7.433946637
    3.157009796  168.070693452   -6.933515440
    3.227266465  167.697260874   -3.285061661
    3.297523134  167.626773302    1.071330800
    3.367779803  167.782527818    2.661927736
    3.438036472  167.915112535    0.458281098
    3.508293141  167.854594683   -2.086239892
    3.578549810  167.694272023   -2.107090146
    3.648806479  167.591110293   -0.649539470
    3.719063148  167.580665898    0.397460901
    3.789319817  167.622743379    0.903379758
    3.859576486  167.739675575    2.762901099
    3.929833155  168.072653716    6.857014066
    4.000089824  168.731518743   11.741972559
    4.070346493  169.665869610   13.832569526
    4.140603162  170.575201284   11.501269501
    4.210859831  171.211724507    6.344204862
    4.281116500  171.459654960    1.084696416
    4.351373169  171.417186126   -1.981272056
    4.421629838  171.214177715   -3.372777166
    4.491886507  170.945253116   -4.281600266
    4.562143176  170.626920217   -4.152372153
    4.632399845  170.407212796   -1.830286151
    4.702656514  170.387492809    1.066816827
    4.772913183  170.549321985    3.344258941
    4.843169852  170.848047535    4.669258929
    4.913426521  171.204983200    5.287113576
    4.983683190  171.612325101    6.384809136
    5.053939859  172.100628360    7.551169162
    5.124196528  172.641625665    7.821476943
    5.194453197  173.137915865    5.709360647
    5.264709866  173.400602512    1.643023192
    5.334966535  173.409879614   -0.983687890
    5.405223204  173.263843127   -2.705027854
    5.475479873  173.072825364   -2.753835731
    5.545736542  172.904582383   -1.741010240
    5.615993211  172.773631355   -2.159989093
    5.686249880  172.631411773   -1.613791998
    5.756506549  172.571884796    0.239647694
    5.826763218  172.690042361    3.157482068
    5.897019887  173.031513995    6.085766769
    5.967276556  173.549027866    8.438734559
    6.037533225  174.160325554    8.683023529
    6.107789894  174.720527863    7.000384017
    6.178046563  175.160568786    5.361857100
    6.248303232  175.482689804    3.702920852
    6.318559901  175.655595944    1.393966370
    6.388816570  175.654211267   -1.321436983
    6.459073239  175.475492208   -3.558806509
    6.529329908  175.193966283   -3.909458057
    6.599586577  174.949321726   -3.139929850
    6.669843246  174.748419167   -2.679025949
    6.740099915  174.560266832   -2.615724498
    6.810356585  174.336182991   -3.890644776
    6.880613254  174.008651446   -5.514880342
    6.950869923  173.571201638   -6.663109366
    7.021126592  173.020065289   -8.740795019
    7.091383261  172.352793514   -9.938797069
    7.161639930  171.636638574   -9.851660590
    7.231896599  171.038774913   -6.874927268
    7.302153268  170.700515603   -2.713077849
    7.372409937  170.589272758   -1.230722231
    7.442666606  170.409298971   -4.878023598
    7.512923275  169.871783559  -10.005973726
    7.583179944  169.169939101   -8.088131993
    7.653436613  168.975364000    4.048629751
    7.723693282  169.748031406   17.336195108
    7.793949951  171.149760785   20.702493214
    7.864206620  172.087850657   -9.992692365
    7.934463289  170.394921576  -37.808058975
    8.004719958  167.010938122  -56.805118794
    8.074976627  162.427427656  -76.811996281
    8.145233296  155.097459572 -144.761877675
    8.215489965  139.803498384 -307.061143331
    8.285746634  110.463827924 -528.529846388
    8.356003303   67.763747007 -652.786788577
    8.426259972   25.936013129 -473.139602359
    8.496516641   10.860761426  106.984108285
    8.566773310   47.362348403  953.488884279
    8.637029979  143.655066407 1749.740954218
    8.707286648  284.647739314 2186.640968900
    8.777543317  439.553523618 2146.950032288
    8.847799986  577.627361018 1740.023015787
    8.918056655  680.778855526 1191.930927509
    8.988313324  746.521578399  700.142006154
    9.058569993  782.682999160  355.789780688
    9.128826662  799.950762737  156.974235001
    9.199083331  807.119329881   60.042533885
    9.269340000  809.574779579    0.000920723
