#! FIELDS d_abs file.free der_d_abs
#! SET min_d_abs -0.707107
#! SET max_d_abs 9.26934
#! SET nbins_d_abs  143
#! SET periodic_d_abs false
   -0.707107000  809.574779579   -0.000000000
   -0.636850331  807.086037347  -61.090553600
   -0.566593662  799.764724257 -160.314791866
   -0.496336993  782.123650569 -363.497841992
   -0.426080324  745.158071419 -716.157733145
   -0.355823655  677.897686954 -1219.461131671
   -0.285566986  572.384679353 -1779.656537679
   -0.215310317  431.218509738 -2193.920101747
   -0.145053648  273.100696739 -2228.146068791
   -0.074796979  129.930529496 -1767.193948589
   -0.004540310   33.706041875 -933.009901939
    0.065716359    0.000000000  -49.800128869
    0.135973028   19.805168028  545.324166320
    0.206229697   66.258805054  706.303902936
    0.276486366  111.116923557  532.663603842
    0.346743035  138.619603050  250.528086659
    0.416999704  148.114798275   40.384783320
    0.487256373  147.301789671  -44.899888315
    0.557513042  143.730064210  -48.708445005
    0.627769711  140.921185175  -31.036090859
    0.698026380  139.185020981  -20.298945025
    0.768283049  137.073917494  -27.137479357
    0.838539718  135.352374141  -23.744885163
    0.908796387  133.574083961  -27.947781797
    0.979053056  131.322246084  -36.776405232
    1.049309725  128.475171059  -43.724763778
    1.119566394  125.368490104  -42.695304633
    1.189823063  122.725543808  -31.248230716
    1.260079732  121.078624487  -15.315618199
    1.330336401  120.499713082   -1.974412191
    1.400593070  120.627085415    3.899925951
    1.470849739  120.855898207    1.156848892
    1.541106408  120.563837359  -10.785121338
    1.611363077  119.195465021  -28.643045187
    1.681619746  116.642557808  -42.734862484
    1.751876415  113.476499640  -45.186387340
    1.822133085  110.615798693  -34.017039752
    1.892389754  108.900081014  -14.469300414
    1.962646423  108.591008332    5.009667853
    2.032903092  109.466141115   19.071758570
    2.103159761  111.219046833   30.555985971
    2.173416430  113.852352898   45.070858995
    2.243673099  117.603620516   61.847971998
    2.313929768  122.554534625   78.638925833
    2.384186437  128.485691580   88.796987070
    2.454443106  134.860297011   90.964258603
    2.524699775  141.037592692   83.715694847
    2.594956444  146.406181849   67.922049937
    2.665213113  150.467694593   47.328872410
    2.735469782  153.051619895   26.864190302
    2.805726451  154.344531482   11.012284730
    2.875983120  154.739720013    1.132596493
    2.946239789  154.579566211   -5.342061143
    3.016496458  154.006418264  -10.623141331
    3.086753127  153.142144596  -13.387090695
    3.157009796  152.156047773  -13.772516470
    3.227266465  151.308160935   -9.730085708
    3.297523134  150.841438610   -3.524579391
    3.367779803  150.774504448    1.043404603
    3.438036472  150.906103757    1.977897457
    3.508293141  151.036644388    1.572462011
    3.578549810  151.155587969    1.810980372
    3.648806479  151.272083609    1.337349214
    3.719063148  151.279406312   -1.306842437
    3.789319817  151.043838898   -5.343932485
    3.859576486  150.566119211   -7.783306482
    3.929833155  150.041342138   -6.731797386
    4.000089824  149.693927763   -2.955861166
    4.070346493  149.618866062    0.124580664
    4.140603162  149.652243330    0.490600049
    4.210859831  149.634740198   -1.215202359
    4.281116500  149.468714806   -3.249100188
    4.351373169  149.205571679   -4.137908890
    4.421629838  148.894126939   -4.453636405
    4.491886507  148.566306436   -4.915880548
    4.562143176  148.220890783   -4.225461954
    4.632399845  148.029595466   -0.866512892
    4.702656514  148.124520715    3.360597304
    4.772913183  148.482629484    6.481097554
    4.843169852  148.997894978    7.474353346
    4.913426521  149.500739939    6.442221880
    4.983683190  149.908538687    5.219491803
    5.053939859  150.243062776    4.511158960
    5.124196528  150.543945541    4.333726358
    5.194453197  150.834768449    3.659440346
    5.264709866  151.053811791    2.671546804
    5.334966535  151.272095395    4.009925161
    5.405223204  151.616420112    6.170456151
    5.475479873  152.157703585    8.975678693
    5.545736542  152.863689193   11.076535480
    5.615993211  153.610835636    9.673073869
    5.686249880  154.207558741    7.308557162
    5.756506549  154.631954003    4.946907586
    5.826763218  154.919578899    3.304980243
    5.897019887  155.125229772    2.222150095
    5.967276556  155.262869785    1.709817380
    6.037533225  155.339971658    0.442843007
    6.107789894  155.308195106   -1.415325979
    6.178046563  155.183237635   -2.154784572
    6.248303232  155.035016190   -2.059013201
    6.318559901  154.878673158   -2.178966061
    6.388816570  154.704643432   -2.686419913
    6.459073239  154.499767465   -3.004517176
    6.529329908  154.312093151   -1.866109684
    6.599586577  154.251940153   -0.000551912
    6.669843246  154.298940196    1.154842195
    6.740099915  154.390994284    1.451033281
    6.810356585  154.445527610   -0.129110091
    6.880613254  154.356777557   -2.550353752
    6.950869923  154.090091422   -4.778874868
    7.021126592  153.636978768   -7.783753705
    7.091383261  153.015559059   -9.507397446
    7.161639930  152.326473571   -9.467326168
    7.231896599  151.759243076   -6.388123174
    7.302153268  151.449835750   -2.486801077
    7.372409937  151.311934741   -2.484726409
    7.442666606  150.932887297   -9.688118694
    7.512923275  149.864450120  -20.647711522
    7.583179944  148.175754690  -25.470143939
    7.653436613  146.582049447  -17.651899461
    7.723693282  145.857104480   -2.215347168
    7.793949951  146.224022261   12.345713257
    7.864206620  147.213844753    0.852645787
    7.934463289  147.066632432   -4.697112248
    8.004719958  146.703125398   -5.079353712
    8.074976627  146.153472167  -15.476206660
    8.145233296  143.156610361  -84.404959846
    8.215489965  131.813827282 -255.996529375
    8.285746634  105.605761435 -490.729180379
    8.356003303   65.090775236 -628.084680812
    8.426259972   24.614288369 -458.818875293
    8.496516641   10.280759368  114.333058874
    8.566773310   47.142256804  956.790325104
    8.637029979  143.585759665 1750.995169766
    8.707286648  284.630914195 2187.028880778
    8.777543317  439.550990315 2147.031631955
    8.847799986  577.627271872 1740.029723590
    8.918056655  680.778855526 1191.930927509
    8.988313324  746.521578399  700.142006154
    9.058569993  782.682999160  355.789780688
    9.128826662  799.950762737  156.974235001
    9.199083331  807.119329881   60.042533885
    9.269340000  809.574779579    0.000920723
