#! FIELDS d_abs file.free der_d_abs
#! SET min_d_abs -0.707106
#! SET max_d_abs 9.31489
#! SET nbins_d_abs  143
#! SET periodic_d_abs false
   -0.707106000  638.442893243   -0.001211542
   -0.636528563  636.674280201  -44.074017018
   -0.565951127  631.374019037 -115.614495325
   -0.495373690  618.562931565 -263.321895719
   -0.424796254  591.598400284 -520.865665603
   -0.354218817  542.364982912 -890.008683170
   -0.283641380  464.885708572 -1302.345581254
   -0.213063944  360.961273899 -1610.159196377
   -0.142486507  244.080867397 -1645.331431132
   -0.071909070  137.154225113 -1327.994158665
   -0.001331634   62.857749001 -750.842992027
    0.069245803   31.793123079 -146.951417456
    0.139823239   37.106242148  249.729697257
    0.210400676   59.884951212  348.806426652
    0.280978113   81.238801257  234.122247692
    0.351555549   91.800919507   69.551424126
    0.422132986   92.740240570  -27.070621579
    0.492710423   90.079100785  -36.806801969
    0.563287859   88.489625832   -6.676240015
    0.633865296   88.830477556   11.729333388
    0.704442732   89.428501328    0.686782546
    0.775020169   87.910973924  -33.700311410
    0.845597606   84.787022964  -54.184127606
    0.916175042   80.436261374  -68.055456524
    0.986752479   75.298223765  -77.325401844
    1.057329915   69.497059968  -87.522097020
    1.127907352   62.922941129  -98.513155048
    1.198484789   55.717136908 -103.927283377
    1.269062225   48.501980630  -98.948282279
    1.339639662   41.943948621  -86.231696425
    1.410217099   36.362827051  -72.103535286
    1.480794535   31.712291307  -60.205386592
    1.551371972   27.788721935  -50.926159425
    1.621949408   24.480233800  -42.454800080
    1.692526845   21.859084084  -30.739722994
    1.763104282   20.286089510  -12.882069563
    1.833681718   20.119371993    8.278854110
    1.904259155   21.427078243   28.099903231
    1.974836592   23.969761360   42.108494668
    2.045414028   27.177036704   47.232672906
    2.115991465   30.476486523   45.324247177
    2.186568901   33.482429640   39.811016932
    2.257146338   36.090065045   33.817976023
    2.327723775   38.213097459   25.619652137
    2.398301211   39.572594976   12.090062066
    2.468878648   39.833350864   -4.901452048
    2.539456085   38.964411788  -18.724714690
    2.610033521   37.502623789  -20.688867097
    2.680610958   36.259101766  -14.149862636
    2.751188394   35.505054200   -7.992342410
    2.821765831   35.018794924   -7.061092719
    2.892343268   34.414271547  -10.524790479
    2.962920704   33.593428142  -12.127173714
    3.033498141   32.799298272   -9.468790278
    3.104075577   32.339707169   -3.113375753
    3.174653014   32.317283280    2.091366149
    3.245230451   32.527366504    3.582687069
    3.315807887   32.782829493    4.014361684
    3.386385324   33.153968464    6.852652558
    3.456962761   33.832048475   12.207394030
    3.527540197   34.850880790   15.780751741
    3.598117634   35.942686750   14.470208878
    3.668695070   36.798149031    9.231464052
    3.739272507   37.274319485    4.190491792
    3.809849944   37.407976514    0.048490680
    3.880427380   37.326496976   -2.343666923
    3.951004817   37.098059280   -4.259972000
    4.021582254   36.741640858   -5.862747528
    4.092159690   36.284179643   -7.236350756
    4.162737127   35.760014718   -7.496923158
    4.233314563   35.255444840   -7.095438481
    4.303892000   34.776738896   -6.681798316
    4.374469437   34.293285660   -7.106861796
    4.445046873   33.774428319   -7.349683538
    4.515624310   33.283894603   -6.310760814
    4.586201746   32.923639767   -3.579619384
    4.656779183   32.763385480   -0.628455810
    4.727356620   32.780915907    0.672561984
    4.797934056   32.819201951    0.477333603
    4.868511493   32.804190585   -1.116995689
    4.939088930   32.671354323   -2.351942472
    5.009666366   32.515461187   -1.554303515
    5.080243803   32.491115950    1.135288541
    5.150821239   32.673998695    3.727409000
    5.221398676   32.977213978    4.454891558
    5.291976113   33.278265504    3.758778002
    5.362553549   33.454175465    1.195061870
    5.433130986   33.462519622   -0.567821641
    5.503708423   33.415188757   -0.313720555
    5.574285859   33.422637138    0.774932973
    5.644863296   33.527979664    2.155315943
    5.715440732   33.694029853    2.332439661
    5.786018169   33.814194571    1.206218381
    5.856595606   33.817876252   -1.087093084
    5.927173042   33.663518449   -3.772954233
    5.997750479   33.289914946   -6.897596732
    6.068327915   32.698264523   -9.269638870
    6.138905352   32.018095507   -9.761460001
    6.209482789   31.411789887   -7.048606309
    6.280060225   31.046974972   -3.545731927
    6.350637662   30.908561317   -0.610368290
    6.421215099   30.873797589   -0.808306272
    6.491792535   30.721158498   -3.560169389
    6.562369972   30.350491261   -6.632427975
    6.632947408   29.873172283   -6.558434399
    6.703524845   29.493114757   -4.110297765
    6.774102282   29.280266726   -1.842826103
    6.844679718   29.214765218   -0.182045869
    6.915257155   29.206803377   -0.124377310
    6.985834592   29.110265843   -2.650734375
    7.056412028   28.802243125   -6.159752194
    7.126989465   28.264615738   -8.726472022
    7.197566901   27.604896211   -9.471493670
    7.268144338   26.974762131   -7.907988446
    7.338721775   26.543261110   -4.323140568
    7.409299211   26.328252580   -1.863610064
    7.479876648   26.208127834   -2.136654941
    7.550454085   26.001872791   -3.583749001
    7.621031521   25.801401909   -1.225874901
    7.691608958   25.962720091    5.976972871
    7.762186394   26.587591353   10.254447498
    7.832763831   27.094633631    1.828781938
    7.903341268   26.489722534  -31.533840899
    7.973918704   23.453023528  -50.671620773
    8.044496141   20.193396136  -34.642097086
    8.115073577   19.440531700   16.460664613
    8.185651014   22.269413205   56.007543786
    8.256228451   25.529759647   20.427092192
    8.326805887   23.131629165  -96.878338759
    8.397383324   12.232049834 -195.026116816
    8.467960761    0.000000000 -108.339851685
    8.538538197    3.765778912  262.017675518
    8.609115634   41.998929028  840.013719549
    8.679693070  121.903870594 1398.975929355
    8.750270507  233.360308153 1703.284159194
    8.820847944  353.901396858 1656.133325283
    8.891425380  460.615853630 1335.425330345
    8.962002817  540.009460005  911.589211854
    9.032580254  590.438438616  533.436361894
    9.103157690  618.061845278  269.872438866
    9.173735127  631.192082072  118.461077167
    9.244312563  636.623315023   45.048692487
    9.314890000  638.442893244   -0.000000000
