#! FIELDS d_abs file.free der_d_abs
#! SET min_d_abs -0.707106
#! SET max_d_abs 9.31489
#! SET nbins_d_abs  143
#! SET periodic_d_abs false
   -0.707106000  858.160565239   -0.001211542
   -0.636528563  856.391952197  -44.074017018
   -0.565951127  851.091691033 -115.614495325
   -0.495373690  838.280603561 -263.321895719
   -0.424796254  811.316072280 -520.865665603
   -0.354218817  762.082654907 -890.008683170
   -0.283641380  684.603380568 -1302.345581254
   -0.213063944  580.678945895 -1610.159196377
   -0.142486507  463.798539393 -1645.331431132
   -0.071909070  356.871897109 -1327.994158665
   -0.001331634  282.575420997 -750.842992027
    0.069245803  251.510795075 -146.951417456
    0.139823239  256.823914144  249.729697257
    0.210400676  279.602623208  348.806426652
    0.280978113  300.956473253  234.122247692
    0.351555549  311.518591503   69.551424126
    0.422132986  312.457912565  -27.070621579
    0.492710423  309.796772781  -36.806801969
    0.563287859  308.207297828   -6.676240015
    0.633865296  308.548149551   11.729333388
    0.704442732  309.146173324    0.686782546
    0.775020169  307.628645920  -33.700311410
    0.845597606  304.504676839  -54.185851549
    0.916175042  300.153268616  -68.082260081
    0.986752479  295.009273440  -77.506644826
    1.057329915  289.180310595  -88.220036725
    1.127907352  282.518569013 -100.457871270
    1.198484789  275.094319525 -108.462824488
    1.269062225  267.408590033 -108.151827493
    1.339639662  259.959270009 -102.734936070
    1.410217099  252.883631038  -98.263723270
    1.480794535  246.014026179  -96.894181929
    1.551371972  239.169561696  -96.480489354
    1.621949408  232.455484429  -92.513533842
    1.692526845  226.307603752  -79.714700306
    1.763104282  221.452510304  -56.436166724
    1.833681718  218.435287998  -29.237164356
    1.904259155  217.210919971   -7.006538383
    1.974836592  217.193289020    3.714205939
    2.045414028  217.439479380    1.362359959
    2.115991465  217.243242567   -7.233116516
    2.186568901  216.480803075  -12.935383178
    2.257146338  215.649225593   -9.162225393
    2.327723775  215.362817680    1.558310570
    2.398301211  215.843821072   11.515551873
    2.468878648  216.869535359   16.652078976
    2.539456085  218.129709184   18.736645925
    2.610033521  219.617804537   23.901798171
    2.680610958  221.509756253   28.749992384
    2.751188394  223.506372402   26.135376069
    2.821765831  224.997527950   14.526270971
    2.892343268  225.464003494   -1.468225895
    2.962920704  224.929506363  -12.328998066
    3.033498141  223.938053199  -14.032173209
    3.104075577  223.133002667   -7.791261532
    3.174653014  222.843418064   -0.715986985
    3.245230451  222.904521805    1.857158559
    3.315807887  223.011912231    1.161944224
    3.386385324  223.086434722    1.110551399
    3.456962761  223.249438154    3.542239995
    3.527540197  223.609948326    6.234549360
    3.598117634  224.082408241    6.928449012
    3.668695070  224.545274055    5.866854332
    3.739272507  224.946457129    5.310694842
    3.809849944  225.278281899    4.182662404
    3.880427380  225.530340846    2.646576661
    3.951004817  225.634481265   -0.011469747
    4.021582254  225.531097457   -2.960021785
    4.092159690  225.236179303   -5.463845404
    4.162737127  224.809427776   -6.403696649
    4.233314563  224.377470123   -6.017630506
    4.303892000  223.995829185   -4.888451894
    4.374469437  223.687178432   -3.872172324
    4.445046873  223.456726890   -2.462449709
    4.515624310  223.349267915   -0.542688145
    4.586201746  223.384011023    1.571822071
    4.656779183  223.521719481    2.498954958
    4.727356620  223.671440505    1.294529990
    4.797934056  223.679624671   -0.867509670
    4.868511493  223.524572733   -3.625965890
    4.939088930  223.184693947   -5.742602481
    5.009666366  222.747239161   -6.248268915
    5.080243803  222.331462996   -5.285138758
    5.150821239  222.012429722   -3.885956210
    5.221398676  221.783909904   -2.670028131
    5.291976113  221.660843446   -0.813994446
    5.362553549  221.644744104    0.376748405
    5.433130986  221.719371437    1.920409568
    5.503708423  221.913816249    3.670861921
    5.574285859  222.188911970    4.010778368
    5.644863296  222.442039324    2.889215273
    5.715440732  222.548478935   -0.114330457
    5.786018169  222.397109898   -3.892562328
    5.856595606  221.986777367   -7.480717209
    5.927173042  221.381622559   -9.919192189
    5.997750479  220.613917441  -11.834193689
    6.068327915  219.715248751  -13.155598995
    6.138905352  218.765851481  -13.738505957
    6.209482789  217.839752794  -12.266929618
    6.280060225  217.057328241  -10.035108807
    6.350637662  216.454520767   -6.954939203
    6.421215099  216.039231414   -4.916841581
    6.491792535  215.723392231   -3.946910865
    6.562369972  215.458706282   -3.402834210
    6.632947408  215.292350599   -1.352630910
    6.703524845  215.281997455    0.777094354
    6.774102282  215.344084411    0.806254477
    6.844679718  215.359291820   -0.561500658
    6.915257155  215.229240828   -3.017033284
    6.985834592  214.883926238   -6.479577480
    7.056412028  214.334808953   -8.794938264
    7.126989465  213.711551731   -8.262558314
    7.197566901  213.226950597   -4.947707736
    7.268144338  213.044464431   -0.035092529
    7.338721775  213.219451046    4.445049059
    7.409299211  213.548223884    4.140643989
    7.479876648  213.653277599   -2.182172223
    7.550454085  213.187405224  -10.836253583
    7.621031521  212.269483653  -13.612296518
    7.691608958  211.544462667   -5.606153442
    7.762186394  211.567812563    5.591027382
    7.832763831  212.067010744    6.064527277
    7.903341268  211.913569986  -31.234888172
    7.973918704  208.324617653  -70.493298772
    8.044496141  202.183895951 -101.520915350
    8.115073577  194.100557416 -130.197025151
    8.185651014  182.731581613 -205.218804859
    8.256228451  162.704329520 -380.516049250
    8.326805887  127.194441668 -628.117860841
    8.397383324   76.120694698 -783.993272558
    8.467960761   24.250685761 -615.271664695
    8.538538197    0.000000000    0.106579464
    8.609115634   31.856706298  930.323203129
    8.679693070  130.616046824 1830.113978657
    8.750270507  281.016924312 2347.697743229
    8.820847944  449.350465270 2337.212170388
    8.891425380  601.007013032 1910.085745394
    8.962002817  715.067931205 1315.459947090
    9.032580254  788.057270389  774.575359193
    9.103157690  828.260057331  393.831664227
    9.173735127  847.458772534  173.644715311
    9.244312563  855.433758875   66.407342035
    9.314890000  858.160565239   -0.000000000
