#! FIELDS time d_abs s2.mean
 0.000000 7.687261 0.851591
 1000.000000 5.480943 0.841391
 2000.000000 4.763233 0.824267
 3000.000000 6.288172 0.834604
 4000.000000 2.831236 0.846360
 5000.000000 1.713919 0.843645
 6000.000000 0.003693 0.847132
 7000.000000 1.690228 0.842387
 8000.000000 2.553537 0.831734
 9000.000000 6.643894 0.831360
 10000.000000 5.747204 0.847924
 11000.000000 8.692552 0.822604
 12000.000000 7.387434 0.818812
 13000.000000 3.943038 0.820927
 14000.000000 5.182577 0.833615
 15000.000000 7.405894 0.835743
 16000.000000 5.321590 0.829683
 17000.000000 3.726692 0.841054
 18000.000000 4.717638 0.840999
 19000.000000 6.554948 0.839870
 20000.000000 8.692891 0.829890
 21000.000000 8.696702 0.840920
 22000.000000 8.698575 0.843802
 23000.000000 7.169045 0.837850
 24000.000000 3.271679 0.819825
 25000.000000 7.390905 0.828918
 26000.000000 7.154674 0.828893
 27000.000000 4.494329 0.866965
 28000.000000 2.489959 0.836140
 29000.000000 1.927231 0.840287
 30000.000000 0.840191 0.852120
 31000.000000 0.777057 0.841876
 32000.000000 1.073824 0.829387
 33000.000000 1.600952 0.847343
 34000.000000 1.629799 0.845137
 35000.000000 2.289461 0.835215
 36000.000000 5.664291 0.851993
 37000.000000 8.055509 0.837436
 38000.000000 4.334304 0.830329
 39000.000000 4.350549 0.835226
 40000.000000 8.154033 0.831362
 41000.000000 6.595093 0.839629
 42000.000000 3.116023 0.847376
 43000.000000 4.015457 0.851074
 44000.000000 7.650930 0.851895
 45000.000000 8.273858 0.854121
 46000.000000 4.082814 0.855656
 47000.000000 4.417072 0.839278
 48000.000000 6.031196 0.826726
 49000.000000 4.583714 0.845817
 50000.000000 6.059371 0.831790
 51000.000000 7.971096 0.841993
 52000.000000 7.720852 0.838327
 53000.000000 4.840522 0.835558
 54000.000000 2.625346 0.847251
 55000.000000 2.430931 0.823163
 56000.000000 1.842072 0.831513
 57000.000000 1.458449 0.840760
 58000.000000 0.004812 0.854082
 59000.000000 0.008429 0.846910
 60000.000000 0.003522 0.837974
 61000.000000 0.455372 0.838747
 62000.000000 0.345213 0.840688
 63000.000000 1.097580 0.834408
 64000.000000 1.268071 0.845630
 65000.000000 0.714594 0.834090
 66000.000000 0.674484 0.839010
 67000.000000 0.325684 0.844536
 68000.000000 0.301569 0.834064
 69000.000000 0.282522 0.825277
 70000.000000 1.045521 0.824034
 71000.000000 1.311060 0.826814
 72000.000000 1.562041 0.835083
 73000.000000 1.565088 0.833321
 74000.000000 1.648452 0.832770
 75000.000000 1.728525 0.833519
 76000.000000 2.888569 0.824458
 77000.000000 7.553366 0.826516
 78000.000000 6.547797 0.834562
 79000.000000 3.589085 0.852209
 80000.000000 3.223485 0.842498
 81000.000000 3.662254 0.809236
 82000.000000 5.577670 0.820537
 83000.000000 3.721666 0.824936
 84000.000000 3.027961 0.845227
 85000.000000 2.562260 0.848563
 86000.000000 2.494649 0.836269
 87000.000000 2.127585 0.833432
 88000.000000 1.974814 0.836456
 89000.000000 1.668318 0.819938
 90000.000000 1.890193 0.836812
 91000.000000 1.376143 0.843037
 92000.000000 1.138211 0.825904
 93000.000000 0.997453 0.835023
 94000.000000 0.617461 0.854989
 95000.000000 0.280136 0.829910
 96000.000000 0.295392 0.839467
 97000.000000 0.001502 0.828251
 98000.000000 0.004403 0.836720
 99000.000000 0.000575 0.823050
 100000.000000 0.000297 0.831211
 101000.000000 0.003434 0.835954
 102000.000000 0.003726 0.828159
 103000.000000 0.001576 0.829002
 104000.000000 0.002236 0.842181
 105000.000000 0.001655 0.831582
 106000.000000 0.004220 0.849233
 107000.000000 0.005846 0.845501
 108000.000000 0.002075 0.833961
 109000.000000 0.008657 0.842148
 110000.000000 0.001247 0.840540
 111000.000000 0.000184 0.845508
 112000.000000 0.000000 0.836197
 113000.000000 0.003235 0.842501
 114000.000000 0.000924 0.822746
 115000.000000 0.001177 0.849427
 116000.000000 0.001413 0.848291
 117000.000000 0.008125 0.839798
 118000.000000 0.000339 0.853212
 119000.000000 0.000922 0.856922
 120000.000000 0.003765 0.843551
 121000.000000 0.000144 0.843886
 122000.000000 0.002869 0.839916
 123000.000000 0.001839 0.832942
 124000.000000 0.001004 0.840164
 125000.000000 0.002457 0.845662
 126000.000000 0.001110 0.849150
 127000.000000 0.002979 0.849319
 128000.000000 0.000613 0.844220
 129000.000000 0.000702 0.849311
 130000.000000 0.000605 0.829827
 131000.000000 0.001836 0.841844
 132000.000000 0.001897 0.841783
 133000.000000 0.000488 0.835099
 134000.000000 0.004267 0.846030
 135000.000000 0.006480 0.841864
 136000.000000 0.000864 0.839526
 137000.000000 0.006472 0.845474
 138000.000000 0.001636 0.838697
 139000.000000 0.003054 0.816652
 140000.000000 0.002502 0.820021
 141000.000000 0.001744 0.826095
 142000.000000 0.000810 0.846830
 143000.000000 0.003802 0.845919
 144000.000000 0.005982 0.832851
 145000.000000 0.004103 0.837109
 146000.000000 0.003066 0.855213
 147000.000000 0.001118 0.839577
 148000.000000 0.002838 0.835916
 149000.000000 0.003834 0.832346
 150000.000000 0.003385 0.848731
 151000.000000 0.000671 0.834050
 152000.000000 0.000913 0.869201
 153000.000000 0.003925 0.846096
 154000.000000 0.003209 0.825485
 155000.000000 0.001104 0.826299
 156000.000000 0.528952 0.848341
 157000.000000 0.823205 0.840122
 158000.000000 0.905534 0.845137
 159000.000000 0.998971 0.852262
 160000.000000 0.691527 0.842819
 161000.000000 0.732745 0.840168
 162000.000000 0.712570 0.833698
 163000.000000 0.593335 0.843425
 164000.000000 1.333529 0.848887
 165000.000000 1.364924 0.841154
 166000.000000 1.517773 0.851067
 167000.000000 1.458339 0.846832
 168000.000000 1.507599 0.846421
 169000.000000 1.716326 0.832481
 170000.000000 1.952250 0.848582
 171000.000000 2.398356 0.852055
 172000.000000 4.437245 0.843893
 173000.000000 7.448732 0.845556
 174000.000000 8.287967 0.839590
 175000.000000 6.320407 0.834650
 176000.000000 6.438025 0.846370
 177000.000000 8.326630 0.841453
 178000.000000 6.955826 0.840005
 179000.000000 3.768580 0.860365
 180000.000000 4.593658 0.850216
 181000.000000 5.116663 0.853467
 182000.000000 6.428466 0.840833
 183000.000000 8.227407 0.862635
 184000.000000 6.518545 0.826085
 185000.000000 5.894162 0.832780
 186000.000000 3.367249 0.834454
 187000.000000 5.911879 0.824412
 188000.000000 7.718006 0.845557
 189000.000000 6.307460 0.854696
 190000.000000 3.120787 0.857021
 191000.000000 4.773795 0.851502
 192000.000000 3.706787 0.859476
 193000.000000 3.895473 0.858883
 194000.000000 5.333229 0.870548
 195000.000000 8.416152 0.850120
 196000.000000 6.679870 0.845349
 197000.000000 5.124589 0.826486
 198000.000000 3.785578 0.852840
 199000.000000 7.414983 0.855014
 200000.000000 7.472425 0.851006
