#! FIELDS d_abs file.free der_d_abs
#! SET min_d_abs -0.707107
#! SET max_d_abs 9.44209
#! SET nbins_d_abs  145
#! SET periodic_d_abs false
   -0.707107000  898.889688231   -0.000000000
   -0.636626465  896.000916629  -69.990335368
   -0.566145931  887.622963305 -182.652268300
   -0.495665396  867.482660785 -413.277105830
   -0.425184861  825.381953435 -811.916527302
   -0.354704326  748.999506191 -1378.196295629
   -0.284223792  629.666840351 -2001.043437429
   -0.213743257  471.012441815 -2448.673193980
   -0.143262722  294.820751746 -2462.186897942
   -0.072782188  137.131986045 -1924.298005975
   -0.002301653   33.301842328 -980.359699996
    0.068178882    0.000000000    8.769165445
    0.138659417   26.935552591  682.297670113
    0.209139951   85.186030047  897.077258550
    0.279620486  145.133803382  764.405465302
    0.350101021  190.211631884  512.557584723
    0.420581556  218.595718475  308.063390319
    0.491062090  235.734775501  190.339736079
    0.561542625  246.439161812  116.874472683
    0.632023160  252.285069183   48.324888197
    0.702503694  253.248778576  -19.364995998
    0.772984229  249.131185913  -74.085214011
    0.843464764  243.663882381  -75.955865529
    0.913945299  239.087468154  -50.203520739
    0.984425833  236.841558952  -13.188986325
    1.054906368  237.148706884   20.404315258
    1.125386903  239.443867328   42.405889965
    1.195867438  242.792055091   50.298766339
    1.266347972  246.180356449   43.279862753
    1.336828507  248.542231767   21.450435668
    1.407309042  249.003433850   -8.839308326
    1.477789576  247.331051850  -37.583192543
    1.548270111  243.973666641  -54.468775274
    1.618750646  240.249793895  -46.522864967
    1.689231181  237.949585923  -15.705537614
    1.759711715  238.303435702   25.805708633
    1.830192250  241.369334992   58.740830078
    1.900672785  246.097416430   71.899912106
    1.971153319  250.989722659   64.066598307
    2.041633854  254.781667222   41.782148989
    2.112114389  256.755332247   14.094136599
    2.182594924  256.829484149  -11.092233047
    2.253075458  255.304265293  -30.718233562
    2.323555993  252.681671022  -42.431240252
    2.394036528  249.499489713  -45.989304385
    2.464517063  246.458879446  -38.974957393
    2.534997597  244.123237270  -26.921299947
    2.605478132  242.681123680  -14.475478727
    2.675958667  242.052291071   -4.003602106
    2.746439201  242.000885422    1.486191671
    2.816919736  242.167802923    2.430762823
    2.887400271  242.255383048   -1.188459315
    2.957880806  241.844137746  -10.756346157
    3.028361340  240.788590486  -18.444140484
    3.098841875  239.394812195  -19.627661872
    3.169322410  238.233904697  -11.777360453
    3.239802944  237.886446509    2.370303202
    3.310283479  238.497989359   14.055359320
    3.380764014  239.719547092   19.182581242
    3.451244549  240.994745057   16.180386363
    3.521725083  241.944914093   10.876041491
    3.592205618  242.536196730    6.112719546
    3.662686153  242.828069948    2.448815881
    3.733166688  242.888804975   -0.717051601
    3.803647222  242.737354061   -2.985601937
    3.874127757  242.519426673   -3.243184886
    3.944608292  242.287914303   -3.455233687
    4.015088826  242.021216661   -4.409322760
    4.085569361  241.662383250   -6.117424191
    4.156049896  241.158399301   -8.231395006
    4.226530431  240.579200615   -7.636418191
    4.297010965  240.176164297   -3.502412264
    4.367491500  240.077148204    0.332403807
    4.437972035  240.165131009    1.230882651
    4.508452569  240.202216734   -0.022859836
    4.578933104  240.183999755    0.126447629
    4.649413639  240.281876201    3.335891778
    4.719894174  240.645185647    6.970315384
    4.790374708  241.234807788    9.396876928
    4.860855243  241.855739510    7.630264381
    4.931335778  242.279515892    4.415316923
    5.001816312  242.498984753    2.019272079
    5.072296847  242.605942391    1.361801769
    5.142777382  242.691591819    0.825777271
    5.213257917  242.719349824   -0.179348696
    5.283738451  242.634261228   -2.523716531
    5.354218986  242.363952191   -4.749352432
    5.424699521  242.017120053   -4.695051619
    5.495180056  241.731568379   -3.560349839
    5.565660590  241.543983231   -1.830085360
    5.636141125  241.464408592   -0.532022875
    5.706621660  241.441448382   -0.201670703
    5.777102194  241.404606208   -0.898203934
    5.847582729  241.271526767   -3.304010117
    5.918063264  240.920249730   -6.747626556
    5.988543799  240.311558421  -10.413102418
    6.059024333  239.484127771  -12.353325604
    6.129504868  238.645014649  -11.260512863
    6.199985403  237.930538292   -8.281501207
    6.270465938  237.484129125   -4.590867513
    6.340946472  237.246553764   -2.418243534
    6.411427007  237.111624807   -1.739195316
    6.481907542  236.972340461   -2.193845635
    6.552388076  236.794917062   -3.118835487
    6.622868611  236.529191484   -4.758154910
    6.693349146  236.091493284   -7.590481642
    6.763829681  235.481729054   -9.534957634
    6.834310215  234.775649177  -10.165038261
    6.904790750  234.082725069   -9.564197583
    6.975271285  233.475811497   -7.886417264
    7.045751819  232.991720769   -6.122233401
    7.116232354  232.597020870   -4.798968005
    7.186712889  232.352727111   -2.059087863
    7.257193424  232.288386911    0.446500898
    7.327673958  232.418344116    3.224881406
    7.398154493  232.751914578    6.122856190
    7.468635028  233.235593164    7.364743931
    7.539115563  233.753159050    6.754642660
    7.609596097  234.165725923    4.537211561
    7.680076632  234.343374075    0.483844381
    7.750557167  234.311791197   -0.830009829
    7.821037701  234.279710960    0.400282316
    7.891518236  234.355566859    1.586328263
    7.961998771  234.432934065    0.213369579
    8.032479306  234.308197613  -17.488043138
    8.102959840  233.048749563  -14.300501196
    8.173440375  232.936843497   15.388750626
    8.243920910  235.455651422   53.734782123
    8.314401444  239.288989169   40.219253147
    8.384881979  238.436002586  -85.175613419
    8.455362514  225.037098069 -301.961918523
    8.525843049  197.134876433 -462.614522552
    8.596323583  166.129633152 -358.359332710
    8.666804118  155.670785700  123.178697996
    8.737284653  189.997242690  875.210389341
    8.807765187  278.549333416 1606.010409771
    8.878245722  408.770881120 2018.965030429
    8.948726257  552.651835820 1992.911632147
    9.019206792  681.484264329 1621.448771897
    9.089687326  778.029724618 1113.619494784
    9.160167861  839.712097201  655.218782017
    9.230648396  873.657989436  332.881027734
    9.301128931  889.860149836  146.735091940
    9.371609465  896.586168709   56.109422654
    9.442090000  898.889688231   -0.000000000
