#! FIELDS d_abs file.free der_d_abs
#! SET min_d_abs -0.707107
#! SET max_d_abs 9.29524
#! SET nbins_d_abs  143
#! SET periodic_d_abs false
   -0.707107000  576.419733338   -0.000000000
   -0.636667937  574.853599075  -39.025925771
   -0.566228873  570.152559126 -102.921861610
   -0.495789810  558.770701047 -234.410997716
   -0.425350746  534.795164653 -464.363373533
   -0.354911683  490.892684087 -796.740468712
   -0.284472620  421.445558698 -1173.607893020
   -0.214033556  327.523988615 -1466.211758528
   -0.143594493  220.410719169 -1526.311890378
   -0.073155430  119.804723060 -1280.726761847
   -0.002716366   45.489907507 -805.132307919
    0.067722697    7.201301074 -294.849206166
    0.138161761    0.000000000   51.611955627
    0.208600824    8.638205142  155.419959560
    0.279039887   17.799613510   86.709126203
    0.349478951   19.963929295  -22.169614599
    0.419918014   16.041122627  -76.171126995
    0.490357077   10.965102193  -58.135246636
    0.560796141    8.706543696   -3.751176794
    0.631235204   10.287440665   45.084627776
    0.701674268   14.413484197   67.069942139
    0.772113331   18.602671662   57.554003869
    0.842552394   22.314150073   46.876145629
    0.912991458   25.259862629   38.823027500
    0.983430521   28.114486871   44.441917250
    1.053869585   31.840316330   62.919004542
    1.124308648   37.076020013   85.321389201
    1.194747711   43.758012724  103.436412761
    1.265186775   51.523157928  117.316984175
    1.335625838   60.300009654  131.925730272
    1.406064901   70.093438604  144.908266987
    1.476503965   80.489977168  147.676639994
    1.546943028   90.443637681  131.162176473
    1.617382092   98.557739791   97.656315238
    1.687821155  104.176106680   63.644698299
    1.758260218  108.014451969   49.924338489
    1.828699282  112.013501747   69.245258079
    1.899138345  118.384340590  114.474887605
    1.969577408  128.246498522  164.305296893
    2.040016472  141.113604648  196.306376801
    2.110455535  155.238975164  200.199596348
    2.180894599  168.864683325  184.527229058
    2.251333662  181.113625390  163.483924724
    2.321772725  192.034028072  148.783060631
    2.392211789  202.344872034  145.721281918
    2.462650852  212.869940560  154.681024079
    2.533089915  224.290375677  170.156948825
    2.603528979  236.794239187  184.180767637
    2.673968042  249.966933218  187.914708979
    2.744407106  262.840803718  174.445924914
    2.814846169  274.160609229  144.118280670
    2.885285232  282.965594579  105.250392524
    2.955724296  289.000951506   66.719995767
    3.026163359  292.505599375   33.908426355
    3.096602423  293.951676479    8.800975251
    3.167041486  294.009893486   -4.991560844
    3.237480549  293.531718874   -6.614947324
    3.307919613  293.308029143    1.492712818
    3.378358676  293.836533555   13.337175323
    3.448797739  295.162087054   23.269197764
    3.519236803  296.977573939   27.487330036
    3.589675866  298.961313659   28.459741514
    3.660114930  300.949589557   27.750666188
    3.730553993  302.877542356   26.855451381
    3.800993056  304.632829898   21.979545318
    3.871432120  305.788470721    9.488699016
    3.941871183  305.855232634   -7.805062963
    4.012310246  304.700191655  -24.038344999
    4.082749310  302.647662699  -32.347851098
    4.153188373  300.354522762  -31.179500346
    4.223627437  298.459129118  -21.796810182
    4.294066500  297.371364101   -9.125811862
    4.364505563  297.179332977    3.164666274
    4.434944627  297.682535090   10.205010107
    4.505383690  298.431765311    9.744838400
    4.575822754  298.895060435    2.489372186
    4.646261817  298.732263514   -7.034184626
    4.716700880  297.982084733  -13.233193283
    4.787139944  297.048750435  -11.738192791
    4.857579007  296.586733634   -0.228803282
    4.928018070  297.126666547   15.873996642
    4.998457134  298.798333605   31.003205039
    5.068896197  301.365541545   41.022810838
    5.139335261  304.451728751   45.753794991
    5.209774324  307.681250357   45.254375519
    5.280213387  310.716398639   40.354291870
    5.350652451  313.290533161   32.265358749
    5.421091514  315.194360220   21.422916449
    5.491530577  316.294100541    9.806543672
    5.561969641  316.588176151   -1.198853597
    5.632408704  316.243814953   -8.159104995
    5.702847768  315.495866357  -12.712244210
    5.773286831  314.525537640  -14.662634114
    5.843725894  313.424079359  -16.286373225
    5.914164958  312.214673713  -17.964711108
    5.984604021  310.934278071  -17.977585030
    6.055043085  309.755793312  -14.880496258
    6.125482148  308.946536034   -7.402500332
    6.195921211  308.817179091    4.402456121
    6.266360275  309.637854456   19.335151172
    6.336799338  311.556987068   35.012539633
    6.407238401  314.515919854   47.853849238
    6.477677465  318.116082465   53.145806100
    6.548116528  321.781450210   49.336368802
    6.618555592  324.892273433   38.356917257
    6.688994655  327.123857780   25.168547063
    6.759433718  328.509245933   14.934321730
    6.829872782  329.289033344    7.450179209
    6.900311845  329.593030809    0.986921151
    6.970750908  329.392993041   -6.685735542
    7.041189972  328.686535024  -13.066195040
    7.111629035  327.660762768  -15.071632602
    7.182068099  326.736809209  -10.221935219
    7.252507162  326.296871202   -2.260406042
    7.322946225  326.399274258    4.340592238
    7.393385289  326.791241999    5.624754009
    7.463824352  327.070280561    1.918523680
    7.534263415  327.056378685   -1.996523465
    7.604702479  326.863638132   -2.979908911
    7.675141542  326.668596601   -2.614738775
    7.745580606  326.441876654   -4.564623739
    7.816019669  325.969865598   -9.162240523
    7.886458732  325.115837064  -16.548386512
    7.956897796  324.139034005   -8.419165915
    8.027336859  324.320961440   15.790691802
    8.097775923  326.413528964   41.895600503
    8.168214986  329.614486419   42.699541008
    8.238654049  331.362885497   -0.076278292
    8.309093113  328.968933757  -68.177014225
    8.379532176  322.494449154 -103.922998649
    8.449971239  316.671683966  -41.315877552
    8.520410303  319.522347173  140.024476555
    8.590849366  338.004591731  388.102290651
    8.661288430  373.411441334  603.031568265
    8.731727493  420.157453156  700.212089736
    8.802166556  468.686250001  656.114054644
    8.872605620  510.273635996  513.862989520
    8.943044683  540.422810289  342.646874924
    9.013483746  559.165047931  196.601339396
    9.083922810  569.237481610   97.487769450
    9.154361873  573.931217566   42.020625053
    9.224800937  575.835373862   15.677512128
    9.295240000  576.419733338   -0.000000000
