#! FIELDS d_abs file.free der_d_abs
#! SET min_d_abs -0.707107
#! SET max_d_abs 9.29524
#! SET nbins_d_abs  143
#! SET periodic_d_abs false
   -0.707107000  644.923478567   -0.000000000
   -0.636667937  643.357344304  -39.025925771
   -0.566228873  638.656304355 -102.921861610
   -0.495789810  627.274196805 -234.425356395
   -0.425350746  603.290746046 -464.700975068
   -0.354911683  559.314062762 -798.838018239
   -0.284472620  489.594129022 -1179.758641762
   -0.214033556  394.981723795 -1480.579917503
   -0.143594493  286.379642962 -1555.469647676
   -0.073155430  182.974708410 -1332.216495619
   -0.002716366  104.090130766 -883.653420390
    0.067722697   59.388412399 -396.877355312
    0.138161761   44.592323864  -58.420119225
    0.208600824   45.925430478   62.641276564
    0.279039887   49.930536146   36.663500123
    0.349478951   50.516358335  -16.309310638
    0.419918014   48.839270085  -21.035556032
    0.490357077   48.716047036   22.481932739
    0.560796141   52.150752918   72.530877219
    0.631235204   58.225437662   93.355159611
    0.701674268   64.364072606   74.809845004
    0.772113331   67.572180772   22.086601322
    0.842552394   67.338168577  -28.966346815
    0.912991458   63.673923570  -71.958377573
    0.983430521   57.706204005  -93.726873320
    1.053869585   51.026046444  -92.449873004
    1.124308648   45.047142570  -76.048314728
    1.194747711   40.379457408  -56.788056869
    1.265186775   36.941522931  -40.778663339
    1.335625838   34.595421259  -26.028993757
    1.406064901   33.306818433  -10.765581071
    1.476503965   33.128356482    5.815484357
    1.546943028   34.091375510   20.542754775
    1.617382092   35.926391095   31.130747544
    1.687821155   38.393017120   38.553466754
    1.758260218   41.319967168   44.056640005
    1.828699282   44.596512194   48.786316276
    1.899138345   48.096970584   49.889767268
    1.969577408   51.513100582   46.537754515
    2.040016472   54.592562376   40.215743888
    2.110455535   57.233153619   35.703429140
    2.180894599   59.856705529   40.247309156
    2.251333662   63.051180553   50.491065041
    2.321772725   66.841237488   55.828303817
    2.392211789   70.593932163   48.101588504
    2.462650852   73.397650850   30.460227633
    2.533089915   74.894810815   13.119567438
    2.603528979   75.465504418    5.213114314
    2.673968042   75.798368960    5.518497635
    2.744407106   76.192194495    4.548130573
    2.814846169   76.261307470   -4.430101345
    2.885285232   75.492081572  -17.703788365
    2.955724296   73.806683176  -29.458161316
    3.026163359   71.508383719  -34.522702751
    3.096602423   69.097025232  -32.721619468
    3.167041486   67.030691313  -25.176302436
    3.237480549   65.584134224  -15.859923614
    3.307919613   64.736882444   -8.600666946
    3.378358676   64.299476138   -4.593375452
    3.448797739   64.031550888   -3.762853209
    3.519236803   63.747399431   -4.092123541
    3.589675866   63.496283928   -2.950531454
    3.660114930   63.329949580   -2.090090221
    3.730553993   63.195765939   -1.928133789
    3.800993056   62.963103999   -5.263580004
    3.871432120   62.387200727  -11.391373734
    3.941871183   61.420879627  -15.173282407
    4.012310246   60.349752101  -14.268559735
    4.082749310   59.490287420   -9.712824282
    4.153188373   58.933096747   -6.636788208
    4.223627437   58.498336964   -6.140151900
    4.294066500   58.068345381   -6.147475986
    4.364505563   57.729222909   -2.818595879
    4.434944627   57.740018031    3.718512969
    4.505383690   58.234543335    9.911568653
    4.575822754   59.045454611   12.299275163
    4.646261817   59.879481366   10.878558665
    4.716700880   60.521461493    7.067808080
    4.787139944   60.849670554    2.249056960
    4.857579007   60.870216976   -1.865579097
    4.928018070   60.564773003   -7.208854447
    4.998457134   59.839238534  -13.355128807
    5.068896197   58.723968895  -17.698358072
    5.139335261   57.472371077  -16.902511659
    5.209774324   56.418129810  -12.486201826
    5.280213387   55.750657134   -6.425230105
    5.350652451   55.486326841   -1.369919492
    5.421091514   55.498352826    1.315507446
    5.491530577   55.650920180    2.672639934
    5.561969641   55.828042938    2.019302180
    5.632408704   55.966802516    1.784134254
    5.702847768   56.066569218    0.897642690
    5.773286831   56.122292978    0.790122053
    5.843725894   56.176586976    1.153428312
    5.914164958   56.274876701    1.580737572
    5.984604021   56.411615415    2.403451083
    6.055043085   56.601768287    2.859182095
    6.125482148   56.797576602    2.504712282
    6.195921211   56.941618296    1.594959978
    6.266360275   57.021011117    0.857427416
    6.336799338   57.078065592    0.917167408
    6.407238401   57.204233564    2.641209903
    6.477677465   57.456263095    4.866460919
    6.548116528   57.889968834    7.176561474
    6.618555592   58.422109551    7.896420996
    6.688994655   58.961687316    7.291822533
    6.759433718   59.441603096    6.422800801
    6.829872782   59.833085937    4.434751954
    6.900311845   60.051726060    1.349765552
    6.970750908   59.951364445   -4.264910244
    7.041189972   59.457925464   -9.765392924
    7.111629035   58.620476901  -13.650622768
    7.182068099   57.634700042  -13.603075883
    7.252507162   56.771337005  -10.746780303
    7.322946225   56.159402328   -6.987773254
    7.393385289   55.761056592   -4.873593402
    7.463824352   55.421397537   -4.827004854
    7.534263415   55.109377002   -3.472551128
    7.604702479   55.058475365    2.620970901
    7.675141542   55.484649256    8.922007357
    7.745580606   56.109240940    6.591603341
    7.816019669   56.138414570   -7.323516928
    7.886458732   54.883718957  -37.804166167
    7.956897796   51.948630615  -39.827113257
    8.027336859   50.226880425   -2.477838982
    8.097775923   52.069948052   53.606720845
    8.168214986   56.707943759   64.325652665
    8.238654049   58.532373824  -32.159264664
    8.309093113   50.008818669 -216.534162710
    8.379532176   29.041916611 -354.855228266
    8.449971239    5.525956952 -261.523793275
    8.520410303    0.000000000  157.007590336
    8.590849366   33.087884289  801.679901631
    8.661288430  112.263473736 1417.551907728
    8.731727493  226.122615940 1754.306696394
    8.802166556  350.405900754 1714.158604543
    8.872605620  460.751264020 1384.640778284
    8.943044683  542.936256717  945.747945733
    9.013483746  595.171107549  553.901320708
    9.083922810  623.801002036  280.210080623
    9.154361873  637.407432285  123.063922455
    9.224800937  643.035851654   46.965710361
    9.295240000  644.923478567   -0.000000000
