#! FIELDS d_abs file.free der_d_abs
#! SET min_d_abs -0.707107
#! SET max_d_abs 9.29524
#! SET nbins_d_abs  143
#! SET periodic_d_abs false
   -0.707107000  460.044563152   -0.000000000
   -0.636667937  459.325344610  -18.726681855
   -0.566228873  457.039698230  -50.363575806
   -0.495789810  451.435584801 -115.986235270
   -0.425350746  439.484083004 -232.849928951
   -0.354911683  417.312255788 -404.644221012
   -0.284472620  381.773490782 -604.935930674
   -0.214033556  332.920268037 -769.511678776
   -0.143594493  276.099613856 -818.932632153
   -0.073155430  221.401576733 -707.122593872
   -0.002716366  179.650912239 -462.941642033
    0.067722697  157.042463487 -182.913413105
    0.138161761  152.065653411   21.816641038
    0.208600824  156.902260386   92.997761828
    0.279039887  162.519693816   52.782593637
    0.349478951  163.323585052  -31.557419398
    0.419918014  158.584758077  -95.888742615
    0.490357077  150.967533517 -112.459524665
    0.560796141  143.607842529  -92.825533763
    0.631235204  137.995977657  -68.482865796
    0.701674268  133.423323541  -66.430514949
    0.772113331  127.709677417  -95.979765286
    0.842552394  119.681394335 -131.952713536
    0.912991458  109.394744545 -156.052071658
    0.983430521   98.304443129 -155.093962243
    1.053869585   87.949397943 -137.965831971
    1.124308648   78.676153396 -128.814524602
    1.194747711   69.255428566 -142.274917343
    1.265186775   58.294148482 -168.746240966
    1.335625838   45.751541527 -183.808633463
    1.406064901   33.050956780 -172.579945736
    1.476503965   21.966559111 -139.831711353
    1.546943028   13.446519567 -103.103866207
    1.617382092    7.227985434  -74.864443573
    1.687821155    2.736033771  -52.660888374
    1.758260218    0.000000000  -22.693727766
    1.828699282    0.030138640   27.071774535
    1.899138345    4.170793909   91.753335173
    1.969577408   12.870823368  152.894360804
    2.040016472   25.170145402  190.956234165
    2.110455535   39.036596440  197.827115050
    2.180894599   52.551509210  183.571481028
    2.251333662   64.757644869  163.128352315
    2.321772725   75.663006443  148.675652300
    2.392211789   85.970166762  145.704557286
    2.462650852   96.494770374  154.681024079
    2.533089915  107.915205490  170.156948825
    2.603528979  120.419069000  184.180767637
    2.673968042  133.591763032  187.914708979
    2.744407106  146.465633531  174.445924914
    2.814846169  157.785439043  144.118280670
    2.885285232  166.590424393  105.250392524
    2.955724296  172.625781320   66.719995767
    3.026163359  176.130429188   33.908426355
    3.096602423  177.576506292    8.800975251
    3.167041486  177.634723300   -4.991560844
    3.237480549  177.156548688   -6.614947324
    3.307919613  176.932858956    1.492712818
    3.378358676  177.461363369   13.337175323
    3.448797739  178.786916868   23.269197764
    3.519236803  180.602403753   27.487330036
    3.589675866  182.586143473   28.459741514
    3.660114930  184.574419370   27.750666188
    3.730553993  186.502372169   26.855451381
    3.800993056  188.257659711   21.979545318
    3.871432120  189.413300534    9.488699016
    3.941871183  189.480062448   -7.805062963
    4.012310246  188.325021469  -24.038344999
    4.082749310  186.272492512  -32.347851098
    4.153188373  183.979352576  -31.179500346
    4.223627437  182.083958932  -21.796810182
    4.294066500  180.996193914   -9.125811862
    4.364505563  180.804162791    3.164666274
    4.434944627  181.307364903   10.205010107
    4.505383690  182.056595125    9.744838400
    4.575822754  182.519890249    2.489372186
    4.646261817  182.357093328   -7.034184626
    4.716700880  181.606914547  -13.233193283
    4.787139944  180.673580249  -11.738192791
    4.857579007  180.211563448   -0.228803282
    4.928018070  180.751496360   15.873996642
    4.998457134  182.423163419   31.003205039
    5.068896197  184.990371358   41.022810838
    5.139335261  188.076558565   45.753794991
    5.209774324  191.306080171   45.254375519
    5.280213387  194.341228452   40.354291870
    5.350652451  196.915362975   32.265358749
    5.421091514  198.819190034   21.422916449
    5.491530577  199.918930354    9.806543672
    5.561969641  200.213005964   -1.198853597
    5.632408704  199.868644766   -8.159104995
    5.702847768  199.120696171  -12.712244210
    5.773286831  198.150367453  -14.662634114
    5.843725894  197.048909173  -16.286373225
    5.914164958  195.839503527  -17.964711108
    5.984604021  194.559107885  -17.977585030
    6.055043085  193.380623125  -14.880496258
    6.125482148  192.571365848   -7.402500332
    6.195921211  192.442008905    4.402456121
    6.266360275  193.262684270   19.335151172
    6.336799338  195.181816882   35.012539633
    6.407238401  198.140749668   47.853849238
    6.477677465  201.740912279   53.145806100
    6.548116528  205.406280023   49.336368802
    6.618555592  208.517103247   38.356917257
    6.688994655  210.748687594   25.168547063
    6.759433718  212.134075747   14.934321730
    6.829872782  212.913863158    7.450179209
    6.900311845  213.217860622    0.986921151
    6.970750908  213.017822855   -6.685735542
    7.041189972  212.311364837  -13.066195040
    7.111629035  211.285592582  -15.071632602
    7.182068099  210.361639023  -10.221935219
    7.252507162  209.921701016   -2.260406042
    7.322946225  210.024104072    4.340592238
    7.393385289  210.416071813    5.624754009
    7.463824352  210.695110375    1.918523680
    7.534263415  210.681208499   -1.996523465
    7.604702479  210.488467946   -2.979908911
    7.675141542  210.293426415   -2.614738775
    7.745580606  210.066706468   -4.564623739
    7.816019669  209.594695412   -9.162240523
    7.886458732  208.740666878  -16.548386512
    7.956897796  207.763863819   -8.419165915
    8.027336859  207.945791254   15.790691802
    8.097775923  210.038358778   41.895600503
    8.168214986  213.239316232   42.699541008
    8.238654049  214.987715311   -0.076278292
    8.309093113  212.593763571  -68.177014225
    8.379532176  206.119278968 -103.922998649
    8.449971239  200.296513780  -41.315877552
    8.520410303  203.147176987  140.024476555
    8.590849366  221.629421545  388.102290651
    8.661288430  257.036271148  603.031568265
    8.731727493  303.782282970  700.212089736
    8.802166556  352.311079815  656.114054644
    8.872605620  393.898465810  513.862989520
    8.943044683  424.047640103  342.646874924
    9.013483746  442.789877745  196.601339396
    9.083922810  452.862311424   97.487769450
    9.154361873  457.556047379   42.020625053
    9.224800937  459.460203675   15.677512128
    9.295240000  460.044563152   -0.000000000
