#! FIELDS d_abs file.free der_d_abs
#! SET min_d_abs -0.707106
#! SET max_d_abs 9.31125
#! SET nbins_d_abs  143
#! SET periodic_d_abs false
   -0.707106000  758.912104562   -0.001490964
   -0.636554197  756.531113914  -57.291743467
   -0.566002394  749.688394405 -149.119625505
   -0.495450592  733.220202263 -337.811308542
   -0.424898789  698.744555446 -664.767486312
   -0.354346986  636.133441302 -1128.791194365
   -0.283795183  538.271161661 -1640.499802581
   -0.213243380  407.845351755 -2015.538331056
   -0.142691577  262.052059894 -2046.558380079
   -0.072139775  129.504952533 -1641.343979034
   -0.001587972   38.001749006 -921.288006840
    0.068963831    0.000000000 -179.432052914
    0.139515634    6.270933790  296.834953438
    0.210067437   32.991591974  402.560363585
    0.280619239   56.850600529  246.978497770
    0.351171042   66.596709310   36.011293935
    0.421722845   64.225756692  -82.253355460
    0.492274648   57.741727064  -85.911897938
    0.562826451   53.374731439  -35.582037956
    0.633378254   52.320377269   -0.658963848
    0.703930056   52.310691271   -5.817796879
    0.774481859   50.067921133  -44.476029293
    0.845033662   45.986162885  -70.513767461
    0.915585465   40.402213398  -84.458180511
    0.986137268   34.529893484  -78.904675458
    1.056689070   29.748683435  -53.298453326
    1.127240873   27.417280564  -11.358493930
    1.197792676   28.232771586   33.623689438
    1.268344479   31.903450611   67.391641738
    1.338896282   37.284436634   81.598687880
    1.409448085   42.999748101   78.229637069
    1.479999887   48.137548757   67.041976719
    1.550551690   52.459762130   55.607085150
    1.621103493   56.029892876   45.274372360
    1.691655296   58.798872312   33.167798734
    1.762207099   60.777289503   23.618300923
    1.832758901   62.267288633   19.802264545
    1.903310704   63.716357883   22.571316673
    1.973862507   65.419687760   24.914800238
    2.044414310   67.077807082   20.498357479
    2.114966113   68.091864392    7.312238753
    2.185517915   68.051285126   -8.167131709
    2.256069718   67.006629601  -19.973767267
    2.326621521   65.356188670  -25.639093682
    2.397173324   63.494472155  -26.075593662
    2.467725127   61.876913579  -17.851338339
    2.538276930   61.271636589    2.384723880
    2.608828732   62.401389734   30.478529723
    2.679380535   65.558701067   57.499899853
    2.749932338   70.223419922   71.856552506
    2.820484141   75.294307713   69.433787287
    2.891035944   79.773766713   56.412404089
    2.961587746   83.231366795   41.576983042
    3.032139549   85.688482412   28.086000725
    3.102691352   87.208347146   15.283052445
    3.173243155   87.930407854    5.581280490
    3.243794958   88.072114441   -0.432902644
    3.314346761   87.987579257   -0.894213985
    3.384898563   87.985761255    0.954355096
    3.455450366   88.124634875    2.306973941
    3.526002169   88.248620957    1.156566783
    3.596553972   88.314149713    0.835640792
    3.667105775   88.341881453    0.593466033
    3.737657577   88.425220548    1.837615089
    3.808209380   88.567667578    2.135568019
    3.878761183   88.702510153    1.443328092
    3.949312986   88.762437572    0.335724923
    4.019864789   88.773162705    0.547412742
    4.090416592   88.877837342    2.526248599
    4.160968394   89.180879414    5.856642272
    4.231520197   89.694834453    8.253457354
    4.302072000   90.289706933    7.849619215
    4.372623803   90.794240547    5.987621536
    4.443175606   91.101761445    2.315113857
    4.513727408   91.083436519   -2.597036571
    4.584279211   90.781676673   -5.723306061
    4.654831014   90.295943911   -7.703133865
    4.725382817   89.753653965   -7.741157304
    4.795934620   89.165541509   -9.053796688
    4.866486423   88.471798014  -10.433571871
    4.937038225   87.750492694   -9.433216655
    5.007590028   87.152071155   -7.047085925
    5.078141831   86.782655327   -3.583962642
    5.148693634   86.657542510   -0.653797295
    5.219245437   86.641540144   -0.301685558
    5.289797239   86.604179220   -0.892378172
    5.360349042   86.534624703   -1.096253835
    5.430900845   86.459620207   -1.003098422
    5.501452648   86.375605417   -1.510766291
    5.572004451   86.267740000   -1.682740512
    5.642556254   86.161741352   -1.224132155
    5.713108056   86.155114172    1.188716821
    5.783659859   86.347053360    4.317384180
    5.854211662   86.739197563    6.398477659
    5.924763465   87.213772548    7.225288185
    5.995315268   87.732897172    7.021855999
    6.065867070   88.207843941    6.432551348
    6.136418873   88.704478964    7.126704520
    6.206970676   89.189474874    6.532818428
    6.277522479   89.601196003    5.136134973
    6.348074282   89.914231191    3.956042405
    6.418626085   90.164931155    3.735620692
    6.489177887   90.475172899    5.035535733
    6.559729690   90.857541466    5.219136689
    6.630281493   91.240385895    5.502408116
    6.700833296   91.644807982    6.362784058
    6.771385099   92.177543502    8.813635314
    6.841936901   92.898995877   11.438852677
    6.912488704   93.742148498   12.094947675
    6.983040507   94.549848579   10.582574583
    7.053592310   95.158633547    6.549664880
    7.124144113   95.487534261    2.994516963
    7.194695915   95.596099833    0.474034899
    7.265247718   95.577082800   -1.117830048
    7.335799521   95.434333352   -3.154613440
    7.406351324   95.089607201   -7.060886877
    7.476903127   94.459404739  -10.581827890
    7.547454930   93.726139797   -9.687712598
    7.618006732   93.305893319   -0.814046390
    7.688558535   93.728090355   12.961278899
    7.759110338   94.969291054   20.139346356
    7.829662141   96.158961975   10.881052098
    7.900213944   96.133897817  -25.225270499
    7.970765746   93.540435152  -43.700477147
    8.041317549   90.988970369  -20.656013088
    8.111869352   91.480766381   37.251839805
    8.182421155   95.736940175   72.845348259
    8.252972958   99.491467963   14.298476923
    8.323524761   95.429559381 -138.965208246
    8.394076563   80.467770038 -265.052261946
    8.464628366   63.151191679 -175.730740515
    8.535180169   63.502353620  239.468915944
    8.605731972  102.679024490  892.479020677
    8.676283775  188.956171655 1525.084745708
    8.746835577  311.046671381 1872.979290788
    8.817387380  443.854609315 1828.469140942
    8.887939183  561.770862605 1477.974701598
    8.958490986  649.670367529 1010.217235672
    9.029042789  705.575286769  592.266923759
    9.099594592  736.248286548  299.877073131
    9.170146394  750.838517231  131.763684085
    9.240698197  756.874851621   50.185988074
    9.311250000  758.912104562   -0.000000000
