#! FIELDS d_abs file.free der_d_abs
#! SET min_d_abs -0.707106
#! SET max_d_abs 9.31125
#! SET nbins_d_abs  143
#! SET periodic_d_abs false
   -0.707106000  758.912104562   -0.001490964
   -0.636554197  756.531113914  -57.291743467
   -0.566002394  749.688394405 -149.119625505
   -0.495450592  733.220202263 -337.811308542
   -0.424898789  698.744555446 -664.767486312
   -0.354346986  636.133441302 -1128.791194365
   -0.283795183  538.271161661 -1640.499802581
   -0.213243380  407.845351755 -2015.538331056
   -0.142691577  262.052059894 -2046.558380079
   -0.072139775  129.504952533 -1641.343979034
   -0.001587972   38.001749006 -921.288006840
    0.068963831    0.000000000 -179.432052914
    0.139515634    6.270933790  296.834953438
    0.210067437   32.991591974  402.560363585
    0.280619239   56.850600529  246.978497770
    0.351171042   66.596709310   36.011293935
    0.421722845   64.225756692  -82.253355460
    0.492274648   57.741727064  -85.911897938
    0.562826451   53.374731439  -35.582037956
    0.633378254   52.320377269   -0.658963848
    0.703930056   52.310691271   -5.817796879
    0.774481859   50.067921133  -44.476029293
    0.845033662   45.986162885  -70.513767461
    0.915585465   40.402213398  -84.458180511
    0.986137268   34.529893484  -78.904675458
    1.056689070   29.748683435  -53.298453326
    1.127240873   27.417280564  -11.358493930
    1.197792676   28.232771586   33.623689438
    1.268344479   31.903450611   67.391641738
    1.338896282   37.284436634   81.598687880
    1.409448085   42.999748101   78.229637069
    1.479999887   48.137548757   67.041976719
    1.550551690   52.459838033   55.611248992
    1.621103493   56.033362701   45.424247645
    1.691655296   58.833208777   34.018498162
    1.762207099   60.922839892   26.147290529
    1.832758901   62.704655802   25.976067336
    1.903310704   64.810423941   35.673612064
    1.973862507   67.810728852   49.357183464
    2.044414310   71.723632726   60.579497335
    2.114966113   76.192693148   65.253720805
    2.185517915   80.830671662   65.809682794
    2.256069718   85.387304582   63.357436226
    2.326621521   89.653220412   56.910828451
    2.397173324   93.268121914   44.945242759
    2.467725127   95.996246168   33.232334100
    2.538276930   98.151803546   29.235452999
    2.608828732  100.313446590   33.247652457
    2.679380535  102.922592327   40.089595696
    2.749932338  105.826551215   40.505973456
    2.820484141  108.395793601   30.957660704
    2.891035944  110.083677957   16.554575529
    2.961587746  110.797980278    4.141026551
    3.032139549  110.764918206   -4.804262090
    3.102691352  110.161247200  -11.893989402
    3.173243155  109.182894320  -15.398977570
    3.243794958  108.062597167  -15.313210623
    3.314346761  107.116355814  -10.693582049
    3.384898563  106.551266073   -5.549810382
    3.455450366  106.291420466   -2.747537235
    3.526002169  106.082244933   -3.264846763
    3.596553972  105.867413195   -2.538089947
    3.667105775  105.725295953   -0.654080070
    3.737657577  105.822945877    3.565555082
    3.808209380  106.194705105    6.811499901
    3.878761183  106.740272366    8.223334808
    3.949312986  107.318202045    8.054233151
    4.019864789  107.876576758    8.218120650
    4.090416592  108.500323707    9.456902196
    4.160968394  109.244520480   11.312390332
    4.231520197  110.065943959   11.375543323
    4.302072000  110.777428757    7.956564381
    4.372623803  111.183451582    3.228802198
    4.443175606  111.236989202   -1.725680428
    4.513727408  110.971016077   -5.057386900
    4.584279211  110.638289677   -3.749611001
    4.654831014  110.495774289    0.128088503
    4.725382817  110.696922316    5.204405366
    4.795934620  111.133169693    6.536005714
    4.866486423  111.541913425    4.754966268
    4.937038225  111.803943132    2.940877923
    5.007590028  111.938844566    1.273174733
    5.078141831  112.011886061    0.751415816
    5.148693634  112.081867203    0.812310838
    5.219245437  112.123723480    0.247622032
    5.289797239  112.158552057    0.956712381
    5.360349042  112.316324510    3.678164011
    5.430900845  112.696195953    7.052238926
    5.501452648  113.270700712    8.849265081
    5.572004451  113.928124441    9.378575066
    5.642556254  114.581143439    9.003992214
    5.713108056  115.229262947    9.316121617
    5.783659859  115.884086593    9.088796305
    5.854211662  116.455127919    6.488490276
    5.924763465  116.741429463    1.725179011
    5.995315268  116.679706324   -3.739362635
    6.065867070  116.268505363   -7.415888922
    6.136418873  115.783080545   -6.192143059
    6.206970676  115.459273939   -2.525829416
    6.277522479  115.452898797    2.520016940
    6.348074282  115.805330370    7.411448413
    6.418626085  116.436701803   10.454033170
    6.489177887  117.218544575   11.012906451
    6.559729690  117.888700898    6.959129564
    6.630281493  118.194020580    1.512346217
    6.700833296  118.130409110   -2.637947331
    6.771385099  117.911009799   -3.129060366
    6.841936901  117.748614390   -1.391438698
    6.912488704  117.693059730   -0.439664598
    6.983040507  117.638320756   -1.322809911
    7.053592310  117.431079459   -4.639461243
    7.124144113  117.006524039   -7.077185522
    7.194695915  116.464826671   -7.757673941
    7.265247718  115.949522166   -6.885637696
    7.335799521  115.488732408   -6.451837512
    7.406351324  114.979166870   -8.633276422
    7.476903127  114.258176781  -11.862567986
    7.547454930  113.394066123  -12.412078704
    7.618006732  112.676057944   -6.853477513
    7.688558535  112.509049326    2.163411054
    7.759110338  112.816112263    4.618857660
    7.829662141  112.794670837   -7.453870726
    7.900213944  111.474493187  -43.003534089
    7.970765746  107.740754064  -57.882841935
    8.041317549  104.342282977  -30.684789281
    8.111869352  104.197617641   28.516843915
    8.182421155  107.741200174   60.560562842
    8.252972958  110.384568059   -5.283082114
    8.323524761  104.667945503 -165.951231959
    8.394076563   87.641252256 -295.763144362
    8.464628366   68.183574519 -204.848916128
    8.535180169   66.665732229  216.096972371
    8.605731972  104.450336638  876.428624955
    8.676283775  189.834969278 1515.565686220
    8.746835577  311.428291122 1868.066545955
    8.817387380  443.995002012 1826.261890963
    8.887939183  561.809333309 1477.128784389
    8.958490986  649.674923562 1010.017417953
    9.029042789  705.575346509  592.262493895
    9.099594592  736.248286548  299.877073131
    9.170146394  750.838517231  131.763684085
    9.240698197  756.874851621   50.185988074
    9.311250000  758.912104562   -0.000000000
