#! FIELDS d_abs file.free der_d_abs
#! SET min_d_abs -0.707106
#! SET max_d_abs 9.31125
#! SET nbins_d_abs  143
#! SET periodic_d_abs false
   -0.707106000  758.912104562   -0.001490964
   -0.636554197  756.531113914  -57.291743467
   -0.566002394  749.688394405 -149.119625505
   -0.495450592  733.220202263 -337.811308542
   -0.424898789  698.744555446 -664.767486312
   -0.354346986  636.133441302 -1128.791194365
   -0.283795183  538.271161661 -1640.499802581
   -0.213243380  407.845351755 -2015.538331056
   -0.142691577  262.052059894 -2046.558380079
   -0.072139775  129.504952533 -1641.343979034
   -0.001587972   38.001749006 -921.288006840
    0.068963831    0.000000000 -179.432052914
    0.139515634    6.270933790  296.834953438
    0.210067437   32.991591974  402.560363585
    0.280619239   56.850600529  246.978497770
    0.351171042   66.596709310   36.011293935
    0.421722845   64.225756692  -82.253355460
    0.492274648   57.741727064  -85.911897938
    0.562826451   53.374731439  -35.582037956
    0.633378254   52.320377269   -0.658963848
    0.703930056   52.310691271   -5.817796879
    0.774481859   50.067921133  -44.476029293
    0.845033662   45.986162885  -70.513767461
    0.915585465   40.402213398  -84.458180511
    0.986137268   34.529893484  -78.904675458
    1.056689070   29.748683435  -53.298453326
    1.127240873   27.417280564  -11.358493930
    1.197792676   28.232771586   33.623689438
    1.268344479   31.903450611   67.391641738
    1.338896282   37.284436634   81.598687880
    1.409448085   42.999748101   78.229637069
    1.479999887   48.137548757   67.041976719
    1.550551690   52.459838033   55.611248992
    1.621103493   56.033362701   45.424247645
    1.691655296   58.833203831   34.017956366
    1.762207099   60.922122729   26.120820052
    1.832758901   62.698255786   25.820691406
    1.903310704   64.782710701   35.166289702
    1.973862507   67.722709618   48.051095016
    2.044414310   71.493225049   57.692220037
    2.114966113   75.669850029   59.630751077
    2.185517915   79.773915814   56.066058835
    2.256069718   83.461627957   48.313254583
    2.326621521   86.460905573   36.042493387
    2.397173324   88.411225815   18.823544750
    2.467725127   89.155603785    3.446599558
    2.538276930   89.142294788   -2.108035622
    2.608828732   89.097577715    2.343639467
    2.679380535   89.590027546   11.232745911
    2.749932338   90.574548445   15.218392059
    2.820484141   91.539365752   11.119499913
    2.891035944   92.086667024    4.442823222
    2.961587746   92.279145335    1.694393118
    3.032139549   92.435821697    2.929672700
    3.102691352   92.693639852    4.327911425
    3.173243155   93.057841707    5.745386636
    3.243794958   93.478963984    6.571098069
    3.314346761   93.997891749    8.487115326
    3.384898563   94.626245538    8.873014216
    3.455450366   95.189557198    6.099397014
    3.526002169   95.399469385   -0.247018953
    3.596553972   95.191975684   -5.327394614
    3.667105775   94.657700180   -8.880279062
    3.737657577   94.010385967   -9.084170262
    3.808209380   93.383902195   -8.483469225
    3.878761183   92.819477412   -7.587385976
    3.949312986   92.322558023   -6.324251150
    4.019864789   91.959344699   -3.366793974
    4.090416592   91.887105618    1.406499009
    4.160968394   92.203568311    7.309262483
    4.231520197   92.899447715   11.887948502
    4.302072000   93.816325802   13.282102971
    4.372623803   94.760002952   12.988308961
    4.443175606   95.616906192   10.923799224
    4.513727408   96.268380571    7.806129247
    4.584279211   96.766596262    6.526301529
    4.654831014   97.201533619    6.059196708
    4.725382817   97.663425930    6.820276261
    4.795934620   98.104426916    5.407619130
    4.866486423   98.402190386    3.091405432
    4.937038225   98.582280044    2.496759993
    5.007590028   98.754513695    2.804978112
    5.078141831   98.998398591    3.929680308
    5.148693634   99.322709111    4.633379123
    5.219245437   99.617898643    3.373289762
    5.289797239   99.811559703    2.157069648
    5.360349042   99.963093095    2.245888110
    5.430900845  100.149023461    3.072877784
    5.501452648  100.377163928    3.221665380
    5.572004451  100.618764853    3.466612685
    5.642556254  100.886897303    4.219976516
    5.713108056  101.271667034    6.800087346
    5.783659859  101.851830191    9.576445150
    5.854211662  102.573874837   10.302009525
    5.924763465  103.243142484    8.683196390
    5.995315268  103.762183519    5.572415808
    6.065867070  104.048633667    2.749126200
    6.136418873  104.253107981    2.840167119
    6.206970676  104.466223318    3.357079536
    6.277522479  104.722444199    3.948818771
    6.348074282  105.012390444    4.303600188
    6.418626085  105.298018152    4.056194267
    6.489177887  105.570978304    3.344521694
    6.559729690  105.716802957    0.037108850
    6.630281493  105.595856652   -3.562876147
    6.700833296  105.242580079   -5.856309658
    6.771385099  104.841423629   -5.197722674
    6.841936901  104.551627282   -3.021863537
    6.912488704  104.387625258   -1.876271511
    6.983040507  104.244317327   -2.326130667
    7.053592310  103.992383552   -4.855847743
    7.124144113  103.584702185   -6.375521306
    7.194695915  103.123065568   -6.209189551
    7.265247718  102.744579077   -4.557004375
    7.335799521  102.479754153   -3.186215669
    7.406351324  102.244324230   -4.042427487
    7.476903127  101.907321626   -5.499211713
    7.547454930  101.562115714   -4.058688244
    7.618006732  101.504073931    3.494278559
    7.688558535  102.131194780   14.240310310
    7.759110338  103.329625269   17.626334449
    7.829662141  104.220350825    5.126522430
    7.900213944  103.722820618  -32.523325525
    7.970765746  100.618030989  -50.631575499
    8.041317549   97.621375772  -26.335180597
    8.111869352   97.737781857   32.026681842
    8.182421155  101.585426461   66.136644496
    8.252972958  104.761400760    4.430778793
    8.323524761   99.882704331 -152.106309020
    8.394076563   83.922547031 -279.832003297
    8.464628366   65.577012855 -189.714604232
    8.535180169   65.029848478  228.222644032
    8.605731972  103.536109911  884.741685470
    8.676283775  189.382623912 1520.484219915
    8.746835577  311.232436445 1870.596287889
    8.817387380  443.923209270 1827.396067765
    8.887939183  561.789850907 1477.563554765
    8.958490986  649.672629347 1010.116104152
    9.029042789  705.575301070  592.265213344
    9.099594592  736.248286548  299.877073131
    9.170146394  750.838517231  131.763684085
    9.240698197  756.874851621   50.185988074
    9.311250000  758.912104562   -0.000000000
