#! FIELDS d_abs file.free der_d_abs
#! SET min_d_abs -0.707107
#! SET max_d_abs 9.3267
#! SET nbins_d_abs  143
#! SET periodic_d_abs false
   -0.707107000  725.607759843   -0.000000000
   -0.636446387  723.392719803  -54.307107847
   -0.565785775  716.856710545 -142.562456333
   -0.495125162  701.039717514 -324.451261148
   -0.424464549  667.814708016 -640.292145705
   -0.353803937  607.334120281 -1089.986204840
   -0.283143324  512.513080771 -1589.485796551
   -0.212482711  385.865237772 -1954.122611357
   -0.141822099  244.470021162 -1977.335127859
   -0.071161486  116.878036461 -1564.090082061
   -0.000500873   31.099542431 -831.812185650
    0.070159739    0.000000000  -71.008866359
    0.140820352   14.806857660  430.639683229
    0.211480965   51.965041160  562.245648318
    0.282141577   87.809448776  423.221693457
    0.352802190  110.021379104  207.600406042
    0.423462803  118.794541899   56.965974154
    0.494123415  120.300297426   -1.449064848
    0.564784028  119.730993108  -10.906552140
    0.635444641  118.880652588  -14.073960796
    0.706105254  117.619041752  -21.948271551
    0.776765866  115.072717377  -34.094750216
    0.847426479  112.989712652  -24.780996215
    0.918087092  111.565559082  -15.980146037
    0.988747704  110.548807090  -14.666126050
    1.059408317  109.239449903  -23.942144106
    1.130068930  106.989467557  -39.429445760
    1.200729542  103.897325443  -45.722276194
    1.271390155  100.861422101  -37.784041582
    1.342050768   98.820257504  -18.809142254
    1.412711380   98.296090691    3.752370362
    1.483371993   99.277579454   23.710546552
    1.554032606  101.610122390   41.925199643
    1.624693218  105.186716494   58.614196389
    1.695353831  109.759971852   69.422043669
    1.766014444  114.777953954   70.719089536
    1.836675056  119.583773046   64.390594859
    1.907335669  123.882383612   58.074221887
    1.977996282  128.024338935   61.033183990
    2.048656894  132.749318600   73.516722469
    2.119317507  138.420561092   85.633002529
    2.189978120  144.534855712   84.717981185
    2.260638732  150.053535727   69.411805350
    2.331299345  154.202270268   47.902487321
    2.401959958  156.859275793   27.919142361
    2.472620570  158.233021725   11.602844643
    2.543281183  158.537437354   -2.388003969
    2.613941796  157.951546008  -13.720606494
    2.684602408  156.702073080  -20.936098601
    2.755263021  155.123458260  -23.055790150
    2.825923634  153.598810600  -19.664026283
    2.896584246  152.390500808  -14.106574791
    2.967244859  151.585263382   -8.991808999
    3.037905472  151.067860583   -5.978236377
    3.108566085  150.688835216   -5.020173940
    3.179226697  150.363148157   -4.291344099
    3.249887310  150.053776935   -4.475106534
    3.320547923  149.703732965   -5.679821246
    3.391208535  149.227229836   -7.902362236
    3.461869148  148.561090832  -11.073057342
    3.532529761  147.692885523  -13.741079937
    3.603190373  146.647574717  -15.253512808
    3.673850986  145.641908539  -12.340381744
    3.744511599  144.944191145   -6.990134161
    3.815172211  144.629102013   -1.961941273
    3.885832824  144.631471064    1.607712202
    3.956493437  144.828697980    3.889640489
    4.027154049  145.137093765    4.698256754
    4.097814662  145.475764357    4.844468792
    4.168475275  145.781146592    3.614781442
    4.239135887  145.956310864    1.158365407
    4.309796500  145.919906853   -2.130155533
    4.380457113  145.666713307   -4.746284084
    4.451117725  145.306888804   -5.287301273
    4.521778338  144.993181269   -3.384539783
    4.592438951  144.861418439   -0.139365494
    4.663099563  144.928394135    1.856413207
    4.733760176  145.133243524    3.631101585
    4.804420789  145.413323800    4.541383899
    4.875081401  145.740475848    4.394031126
    4.945742014  145.985413676    2.191330510
    5.016402627  146.020958133   -1.131982772
    5.087063239  145.821225901   -3.912090599
    5.157723852  145.514606174   -4.122642143
    5.228384465  145.315122442   -0.935093810
    5.299045077  145.387225000    2.577143758
    5.369705690  145.661935340    4.988673079
    5.440366303  146.033197683    5.473678048
    5.511026915  146.401498960    5.096697306
    5.581687528  146.730877551    3.998233146
    5.652348141  146.909221875    0.612659386
    5.723008754  146.744595829   -5.485239180
    5.793669366  146.112152794  -12.494710811
    5.864329979  145.028660235  -18.223142671
    5.934990592  143.665196041  -19.459919718
    6.005651204  142.384355052  -16.712979950
    6.076311817  141.303887100  -13.711638912
    6.146972430  140.392146536  -12.338162910
    6.217633042  139.519827938  -12.385154321
    6.288293655  138.584776924  -14.217042961
    6.358954268  137.509885058  -16.084561618
    6.429614880  136.325116105  -17.509436473
    6.500275493  135.069418092  -17.921475859
    6.570936106  133.870342232  -15.898890595
    6.641596718  132.887607582  -11.768329306
    6.712257331  132.207864886   -7.792264638
    6.782917944  131.774240507   -4.719919899
    6.853578556  131.455419353   -4.590670306
    6.924239169  131.090551806   -5.742362417
    6.994899782  130.645233091   -6.588045290
    7.065560394  130.201711362   -5.941673976
    7.136221007  129.837938455   -4.125922488
    7.206881620  129.593992375   -3.287834983
    7.277542232  129.351393855   -3.721699132
    7.348202845  129.123251631   -2.535111604
    7.418863458  129.003838107   -0.764171478
    7.489524070  129.017258122    1.102535463
    7.560184683  129.128274630    2.163094201
    7.630845296  129.362972815    5.137878539
    7.701505908  129.891250127    9.944543776
    7.772166521  130.702685092   12.210183302
    7.842827134  131.446277423    7.477679623
    7.913487746  131.610769835  -15.386672937
    7.984148359  130.201905005  -21.073666607
    8.054808972  129.347311850    2.200838315
    8.125469585  131.010524145   44.746727176
    8.196130197  134.902133819   54.088076768
    8.266790810  136.398729668  -29.743873145
    8.337451423  128.626619140 -197.490242478
    8.408112035  109.322346976 -327.431996037
    8.478772648   87.531874841 -239.996938807
    8.549433261   83.040985337  164.504879957
    8.620093873  116.245458871  795.203264494
    8.690754486  194.916242788 1404.150804627
    8.761415099  308.133693423 1740.387847106
    8.832075711  431.923928272 1703.525110303
    8.902736324  541.970324583 1377.167797671
    8.973396937  623.967560750  940.543137468
    9.044057549  676.063832010  550.637485291
    9.114718162  704.608621448  278.451711755
    9.185378775  718.158781551  121.976620261
    9.256039387  723.741091530   46.087562273
    9.326700000  725.607759843   -0.000000000
