#! FIELDS d_abs file.free der_d_abs
#! SET min_d_abs -0.707107
#! SET max_d_abs 9.3267
#! SET nbins_d_abs  143
#! SET periodic_d_abs false
   -0.707107000  360.464095838   -0.000000000
   -0.636446387  359.507882868  -24.458677315
   -0.565785775  356.536334062  -65.243915159
   -0.495125162  349.244450236 -150.316920979
   -0.424464549  333.741373533 -300.536411891
   -0.353803937  305.148221436 -518.439092157
   -0.283143324  259.701063143 -767.371299006
   -0.212482711  197.987441674 -960.984342897
   -0.141822099  127.672674224 -995.050462631
   -0.071161486   62.577195004 -811.114324828
   -0.000500873   17.298591086 -450.233429985
    0.070159739    0.000000000  -45.685899958
    0.140820352    8.282621227  252.668417359
    0.211480965   31.253879673  365.505923259
    0.282141577   56.039720851  315.311870445
    0.352802190   73.992906267  187.738278766
    0.423462803   82.758813815   66.108496950
    0.494123415   84.450038298   -9.543347618
    0.564784028   82.497729593  -39.326655900
    0.635444641   79.585649533  -39.586537518
    0.706105254   77.274546972  -24.008219700
    0.776765866   76.040965160   -3.575866036
    0.847426479   76.955574956   29.543845507
    0.918087092   80.204097163   61.931267938
    0.988747704   85.476422622   84.635137663
    1.059408317   91.660444809   86.059753933
    1.130068930   96.926950184   58.578241109
    1.200729542   99.459598666   11.344923084
    1.271390155   98.477307664  -37.670203276
    1.342050768   94.539921214  -69.768163294
    1.412711380   89.320218627  -72.895747289
    1.483371993   84.918660611  -47.263662084
    1.554032606   83.133093339   -1.045825205
    1.624693218   84.944015006   51.827475619
    1.695353831   90.202666893   93.977345944
    1.766014444   97.672333295  112.740860395
    1.836675056  105.497083029  104.338178435
    1.907335669  111.872471169   72.772492965
    1.977996282  115.446247503   26.560747914
    2.048656894  115.471196572  -26.595752172
    2.119317507  111.663400472  -81.386502614
    2.189978120  104.004168527 -134.768119093
    2.260638732   92.826753534 -179.646549634
    2.331299345   79.014568944 -207.904704497
    2.401959958   63.921260550 -215.683462535
    2.472620570   49.012187443 -202.812621191
    2.543281183   35.686647807 -171.248118905
    2.613941796   25.172910407 -124.177664739
    2.684602408   18.374059063  -67.444921846
    2.755263021   15.640620598  -11.063891935
    2.825923634   16.616319282   36.254641424
    2.896584246   20.367839908   67.069927596
    2.967244859   25.635182395   78.814124909
    3.037905472   31.063197743   71.996165361
    3.108566085   35.446698149   50.011344247
    3.179226697   37.962013131   20.651507805
    3.249887310   38.403472558   -6.887479366
    3.320547923   37.224413819  -24.484563861
    3.391208535   35.273145024  -28.411492019
    3.461869148   33.467364594  -21.300320248
    3.532529761   32.398705702   -9.040237503
    3.603190373   32.151951975    1.820141293
    3.673850986   32.614345073   10.969403381
    3.744511599   33.604877542   16.598617588
    3.815172211   34.845493131   18.083150009
    3.885832824   36.083896152   16.315022202
    3.956493437   37.072636396   11.101382554
    4.027154049   37.544567304    1.645394084
    4.097814662   37.241959010  -10.324713693
    4.168475275   36.084511318  -21.907143504
    4.239135887   34.280118536  -27.948205931
    4.309796500   32.337388305  -25.492305697
    4.380457113   30.833132039  -16.298362306
    4.451117725   30.061796675   -6.071757980
    4.521778338   29.890521109    0.167707606
    4.592438951   29.965728251    1.494362791
    4.663099563   30.054900748    1.475647247
    4.733760176   30.305574165    6.494958513
    4.804420789   31.116689527   17.434931037
    4.875081401   32.782479291   29.173726548
    4.945742014   35.094203496   34.972040374
    5.016402627   37.548248731   33.709192933
    5.087063239   39.769042025   29.463424863
    5.157723852   41.757459418   27.491100715
    5.228384465   43.739845909   29.041779322
    5.299045077   45.800063771   28.163863915
    5.369705690   47.574916709   21.003560898
    5.440366303   48.627833264    8.525419553
    5.511026915   48.783182185   -3.346321948
    5.581687528   48.254403635  -10.865017575
    5.652348141   47.285951648  -16.640661771
    5.723008754   45.841930751  -24.777946118
    5.793669366   43.675037076  -37.167502578
    5.864329979   40.581164885  -50.443733743
    5.934990592   36.722404683  -57.129302874
    6.005651204   32.754459285  -53.787264055
    6.076311817   29.300916094  -42.661784465
    6.146972430   26.776431269  -28.459860726
    6.217633042   25.278082075  -14.098591677
    6.288293655   24.685981374   -3.416610671
    6.358954268   24.682009453    2.481642077
    6.429614880   24.898023575    2.456977810
    6.500275493   24.936855583   -1.947493387
    6.570936106   24.661194708   -5.587772552
    6.641596718   24.288328972   -3.986653440
    6.712257331   24.233950915    3.104765547
    6.782917944   24.803416311   13.069789521
    6.853578556   25.975510275   19.140519715
    6.924239169   27.346746507   18.551408205
    6.994899782   28.460599848   12.535018607
    7.065560394   29.120734054    6.413610949
    7.136221007   29.499967065    5.597816256
    7.206881620   30.063539737   11.121471875
    7.277542232   31.187471959   21.148930532
    7.348202845   33.115940078   33.132388066
    7.418863458   35.743353640   39.998607688
    7.489524070   38.545163136   37.613648567
    7.560184683   40.818591000   25.693688850
    7.630845296   42.105739304   11.082323268
    7.701505908   42.484613051    1.030196041
    7.772166521   42.461624295    0.005159315
    7.842827134   42.663313291    6.397769379
    7.913487746   43.406073498    9.955789395
    7.984148359   44.448146257   20.023197580
    8.054808972   46.365796010   34.909100920
    8.125469585   49.358852375   48.019771905
    8.196130197   52.634988604   39.004419958
    8.266790810   53.880825624  -10.694565765
    8.337451423   50.494822260  -85.492113084
    8.408112035   42.638323547 -123.883817501
    8.478772648   35.691392504  -48.882035940
    8.549433261   39.197308219  170.013885564
    8.620093873   61.786147345  474.421180626
    8.690754486  105.420932500  744.157558944
    8.761415099  163.516078957  870.644995972
    8.832075711  224.254235792  821.500947512
    8.902736324  276.608725319  646.583632673
    8.973396937  314.717702916  432.480026322
    9.044057549  338.480851453  248.906604853
    9.114718162  351.293209582  123.926661672
    9.185378775  357.281355258   53.438643717
    9.256039387  359.705504413   19.662019068
    9.326700000  360.464095838   -0.000000000
