#! FIELDS d_abs file.free der_d_abs
#! SET min_d_abs -0.707107
#! SET max_d_abs 9.26684
#! SET nbins_d_abs  143
#! SET periodic_d_abs false
   -0.707107000  844.470259740   -0.000000000
   -0.636867937  841.953345034  -61.401600237
   -0.566628873  834.594525368 -161.671936712
   -0.496389810  816.797561179 -367.046771983
   -0.426150746  779.485357911 -722.877329176
   -0.355911683  711.570844967 -1232.970056212
   -0.285672620  604.676614427 -1806.702407488
   -0.215433556  461.013211754 -2240.020718404
   -0.145194493  298.811801332 -2300.843033479
   -0.074955430  149.426174020 -1873.274142884
   -0.004716366   44.557155629 -1073.300916303
    0.065522697    0.000000000 -216.431153697
    0.135761761    7.701086131  371.958333003
    0.206000824   42.581851900  556.409242490
    0.276239887   78.746543258  440.700234716
    0.346478951  102.600053272  241.355415665
    0.416718014  114.563574572  117.872759409
    0.486957077  121.580166697   94.787244482
    0.557196141  128.762768857  110.175220694
    0.627435204  136.509707872  104.070129596
    0.697674268  142.609984770   65.571118352
    0.767913331  144.759637668   10.747040864
    0.838152394  144.651119564  -10.689156033
    0.908391458  143.834558436   -8.963587709
    0.978630521  143.764077592    8.937370068
    1.048869585  145.184624873   31.681787161
    1.119108648  148.208008175   54.460695911
    1.189347711  152.869057893   78.435213671
    1.259586775  159.150507666   99.370093069
    1.329825838  166.682753234  114.089986811
    1.400064901  175.048854211  123.060682636
    1.470303965  183.856490106  127.139863846
    1.540543028  192.837541449  128.475884276
    1.610782092  201.849328079  128.031900752
    1.681021155  210.761647053  125.029179669
    1.751260218  219.278011526  116.347578818
    1.821499282  226.918841225   99.639241998
    1.891738345  233.127637009   76.652214456
    1.961977408  237.721816735   55.582209864
    2.032216472  241.236670074   47.887414074
    2.102455535  245.045966473   64.872612571
    2.172694599  250.820748478  101.505202978
    2.242933662  259.334730831  139.039008297
    2.313172725  269.814774312  153.690194079
    2.383411789  280.076978631  133.607114456
    2.453650852  288.087130808   93.089428045
    2.523889915  293.217914238   54.645047871
    2.594128979  296.196071854   33.809427757
    2.664368042  298.314088443   27.655102204
    2.734607106  300.080353356   21.477602586
    2.804846169  301.077087908    4.958390124
    2.875085232  300.635399007  -18.147619398
    2.945324296  298.654364459  -36.701821410
    3.015563359  295.819563331  -41.693310633
    3.085802423  293.042614193  -36.148082684
    3.156041486  290.846398096  -26.021651440
    3.226280549  289.406495382  -15.094691975
    3.296519613  288.774040455   -2.737763422
    3.366758676  289.054466800   10.045444123
    3.436997739  290.050304298   16.996654335
    3.507236803  291.232535970   14.729912507
    3.577475866  291.911873533    3.710239347
    3.647714930  291.750300700   -7.725244490
    3.717953993  290.921093010  -15.136406169
    3.788193056  289.726541141  -17.954926090
    3.858432120  288.430435022  -18.736918974
    3.928671183  287.044541434  -21.160229489
    3.998910246  285.441802883  -23.888054866
    4.069149310  283.808790241  -21.457173565
    4.139388373  282.577380678  -12.802247714
    4.209627437  282.061066155   -1.703898017
    4.279866500  282.311516089    8.113090292
    4.350105563  283.096385991   13.500489161
    4.420344627  284.146061351   16.137341344
    4.490583690  285.307675839   16.652664118
    4.560822754  286.489063266   17.035877326
    4.631061817  287.704202553   17.385021418
    4.701300880  288.936701589   17.538424825
    4.771539944  290.207587625   18.295324751
    4.841779007  291.507877956   18.538110975
    4.912018070  292.776930901   16.962094854
    4.982257134  293.825060867   12.862213589
    5.052496197  294.596908715    9.307194639
    5.122735261  295.191376618    8.233147553
    5.192974324  295.813002861    9.430297147
    5.263213387  296.466122773    9.257568749
    5.333452451  297.029632113    5.962672764
    5.403691514  297.271164606    0.921840139
    5.473930577  297.219814309   -2.105786422
    5.544169641  297.050437956   -2.126653458
    5.614408704  296.999102912    1.034578864
    5.684647768  297.176343978    4.061671202
    5.754886831  297.504044668    5.069086476
    5.825125894  297.832104197    3.967233053
    5.895364958  298.047484760    1.952345196
    5.965604021  298.105708711   -0.106321735
    6.035843085  297.980997839   -3.527750656
    6.106082148  297.586024247   -7.694294953
    6.176321211  296.918868474  -11.087224882
    6.246560275  296.112316601  -11.215349018
    6.316799338  295.430246664   -8.044700695
    6.387038401  294.941789250   -5.767313886
    6.457277465  294.532531485   -6.183234706
    6.527516528  293.999656188   -8.679663419
    6.597755592  293.305233347  -10.757777766
    6.667994655  292.538478155  -10.413152768
    6.738233718  291.918717853   -7.263062872
    6.808472782  291.568404765   -2.508040649
    6.878711845  291.538534082    1.644370873
    6.948950908  291.796999742    5.632982055
    7.019189972  292.344472162   10.147710078
    7.089429035  293.162132404   13.246891574
    7.159668099  294.139814728   14.302647724
    7.229907162  295.121893045   12.995894762
    7.300146225  295.891302233    8.206429056
    7.370385289  296.184881469   -0.396424204
    7.440624352  295.739454933  -12.258018184
    7.510863415  294.506488068  -21.934683682
    7.581102479  292.887156813  -22.680507887
    7.651341542  291.555707406  -14.043635669
    7.721580606  290.951184753   -3.828621335
    7.791819669  290.861261117    0.688993831
    7.862058732  290.722301075  -15.649447567
    7.932297796  289.479402315  -17.072473732
    8.002536859  288.743238764   -1.804648562
    8.072775923  289.131889893    7.942898959
    8.143014986  288.477850016  -41.772989435
    8.213254049  280.790057006 -194.481265399
    8.283493113  259.547614824 -411.536066994
    8.353732176  224.926547198 -544.203599981
    8.423971239  189.514419743 -407.139889561
    8.494210303  176.107363469   80.233362984
    8.564449366  206.293168671  797.350391407
    8.634688430  287.069214400 1469.962957422
    8.704927493  405.467438138 1835.907559532
    8.775166556  535.376948268 1799.216446938
    8.845405620  650.960871825 1455.618651394
    8.915644683  737.159221404  995.454730074
    8.985883746  792.017520176  583.715781330
    9.056122810  822.139382459  296.071164475
    9.126361873  836.502008093  130.365667016
    9.196600937  842.446116472   49.729134100
    9.266840000  844.470259722    0.012860524
