#! FIELDS time d_abs s2.mean
 0.000000 8.238317 0.833768
 1000.000000 0.032507 0.817890
 2000.000000 7.249344 0.837649
 3000.000000 3.008984 0.843190
 4000.000000 4.410830 0.820678
 5000.000000 8.125716 0.828983
 6000.000000 7.151611 0.819589
 7000.000000 8.557010 0.825055
 8000.000000 7.499556 0.819878
 9000.000000 2.167244 0.822246
 10000.000000 2.859213 0.810363
 11000.000000 7.842587 0.806467
 12000.000000 3.284942 0.829684
 13000.000000 7.807395 0.820306
 14000.000000 4.876073 0.832147
 15000.000000 4.799382 0.835971
 16000.000000 6.653905 0.823588
 17000.000000 3.946138 0.816501
 18000.000000 1.121010 0.820106
 19000.000000 1.189645 0.825825
 20000.000000 2.062782 0.814813
 21000.000000 0.334071 0.816442
 22000.000000 0.000306 0.821962
 23000.000000 0.003583 0.806135
 24000.000000 0.003308 0.812497
 25000.000000 0.002639 0.818957
 26000.000000 0.008756 0.803558
 27000.000000 0.000643 0.801292
 28000.000000 0.814814 0.818921
 29000.000000 1.253962 0.821811
 30000.000000 2.198362 0.808751
 31000.000000 1.470520 0.812135
 32000.000000 0.979027 0.827493
 33000.000000 0.836895 0.824118
 34000.000000 0.491539 0.838964
 35000.000000 1.216487 0.822402
 36000.000000 1.950809 0.819122
 37000.000000 4.616593 0.816551
 38000.000000 7.640993 0.831975
 39000.000000 6.479028 0.838221
 40000.000000 4.203241 0.830202
 41000.000000 2.845168 0.819453
 42000.000000 2.591034 0.819728
 43000.000000 2.598683 0.830439
 44000.000000 5.811792 0.813396
 45000.000000 6.600310 0.819351
 46000.000000 4.023320 0.821705
 47000.000000 5.748103 0.816959
 48000.000000 8.232454 0.810590
 49000.000000 5.277228 0.817633
 50000.000000 7.425307 0.822427
 51000.000000 8.204256 0.827765
 52000.000000 4.235708 0.829992
 53000.000000 6.580776 0.830291
 54000.000000 7.615813 0.816003
 55000.000000 8.559606 0.819238
 56000.000000 8.556988 0.807507
 57000.000000 8.559225 0.815205
 58000.000000 8.555257 0.806590
 59000.000000 8.554781 0.803953
 60000.000000 6.858328 0.809204
 61000.000000 4.332648 0.820694
 62000.000000 3.113228 0.810710
 63000.000000 4.055834 0.804550
 64000.000000 3.535709 0.815110
 65000.000000 5.167275 0.814093
 66000.000000 7.810884 0.795461
 67000.000000 5.235729 0.804369
 68000.000000 7.332180 0.806352
 69000.000000 4.854650 0.813638
 70000.000000 4.852676 0.813324
 71000.000000 4.181466 0.813701
 72000.000000 2.258802 0.816046
 73000.000000 2.137551 0.805773
 74000.000000 2.074352 0.825514
 75000.000000 1.617729 0.834285
 76000.000000 1.714854 0.806111
 77000.000000 1.123462 0.827426
 78000.000000 0.459303 0.810632
 79000.000000 0.570633 0.825658
 80000.000000 1.093853 0.817396
 81000.000000 1.393384 0.823784
 82000.000000 1.462572 0.818786
 83000.000000 1.380830 0.810460
 84000.000000 1.253877 0.824708
 85000.000000 0.792536 0.821829
 86000.000000 0.365769 0.808186
 87000.000000 0.425372 0.822313
 88000.000000 0.691940 0.801772
 89000.000000 0.822706 0.818985
 90000.000000 0.752960 0.825467
 91000.000000 1.208115 0.809700
 92000.000000 1.077432 0.810341
 93000.000000 1.362206 0.810729
 94000.000000 0.947089 0.820914
 95000.000000 0.376414 0.823147
 96000.000000 0.387770 0.816759
 97000.000000 0.361534 0.824400
 98000.000000 0.294722 0.817792
 99000.000000 0.748799 0.817730
 100000.000000 0.836288 0.823603
 101000.000000 0.003881 0.821008
 102000.000000 0.001414 0.816745
 103000.000000 0.003527 0.819193
 104000.000000 0.000619 0.809627
 105000.000000 0.004869 0.818863
 106000.000000 0.001502 0.812102
 107000.000000 0.002143 0.815519
 108000.000000 0.000233 0.819991
 109000.000000 0.001707 0.811671
 110000.000000 0.001214 0.824252
 111000.000000 0.002140 0.832377
 112000.000000 0.000573 0.828174
 113000.000000 0.000792 0.802685
 114000.000000 0.010986 0.809921
 115000.000000 0.006706 0.791927
 116000.000000 0.002198 0.800451
 117000.000000 0.002034 0.834356
 118000.000000 0.004334 0.831226
 119000.000000 0.001562 0.827457
 120000.000000 0.001393 0.826112
 121000.000000 0.002746 0.823868
 122000.000000 0.002040 0.813663
 123000.000000 0.003432 0.810502
 124000.000000 0.000092 0.823121
 125000.000000 0.004711 0.814579
 126000.000000 0.003383 0.811033
 127000.000000 0.001701 0.818234
 128000.000000 0.002852 0.808358
 129000.000000 0.000460 0.819288
 130000.000000 0.003851 0.817328
 131000.000000 0.000094 0.808302
 132000.000000 0.009692 0.803486
 133000.000000 0.001014 0.812962
 134000.000000 0.007737 0.825713
 135000.000000 0.002096 0.826474
 136000.000000 0.004884 0.841712
 137000.000000 0.004325 0.819669
 138000.000000 0.000285 0.814684
 139000.000000 0.000270 0.825800
 140000.000000 0.007332 0.807072
 141000.000000 0.000006 0.826304
 142000.000000 0.002235 0.817254
 143000.000000 0.005720 0.798515
 144000.000000 0.000521 0.804497
 145000.000000 0.000086 0.817916
 146000.000000 0.003635 0.811532
 147000.000000 0.000402 0.808337
 148000.000000 0.001802 0.794854
 149000.000000 0.008944 0.812071
 150000.000000 0.001370 0.802971
 151000.000000 0.001296 0.807347
 152000.000000 0.000262 0.816603
 153000.000000 0.002474 0.820672
 154000.000000 0.001210 0.797749
 155000.000000 0.001281 0.824171
 156000.000000 0.001480 0.826932
 157000.000000 0.004968 0.816616
 158000.000000 0.000133 0.824361
 159000.000000 0.003747 0.830540
 160000.000000 0.001797 0.817305
 161000.000000 0.006880 0.815150
 162000.000000 0.005285 0.819625
 163000.000000 0.002192 0.806821
 164000.000000 0.001186 0.808204
 165000.000000 0.002702 0.848956
 166000.000000 0.004825 0.821587
 167000.000000 0.001240 0.820293
 168000.000000 0.000130 0.825790
 169000.000000 0.000319 0.833337
 170000.000000 0.008033 0.831861
 171000.000000 0.002022 0.838607
 172000.000000 0.003158 0.815665
 173000.000000 0.001313 0.836417
 174000.000000 0.001182 0.826008
 175000.000000 0.000442 0.819523
 176000.000000 0.000315 0.812457
 177000.000000 0.001232 0.815859
 178000.000000 0.003693 0.824419
 179000.000000 0.000919 0.816080
 180000.000000 0.001530 0.796171
 181000.000000 0.003966 0.804868
 182000.000000 0.006397 0.818990
 183000.000000 0.002167 0.816582
 184000.000000 0.004167 0.823106
 185000.000000 0.000964 0.822354
 186000.000000 0.005077 0.813907
 187000.000000 0.003338 0.818741
 188000.000000 0.760630 0.801138
 189000.000000 0.697589 0.808745
 190000.000000 0.828340 0.825761
 191000.000000 0.694069 0.818090
 192000.000000 1.888460 0.813009
 193000.000000 3.572579 0.811165
 194000.000000 3.454617 0.814891
 195000.000000 5.478344 0.807976
 196000.000000 6.891509 0.818504
 197000.000000 7.319796 0.823936
 198000.000000 5.667714 0.817966
 199000.000000 6.955940 0.815633
 200000.000000 6.983047 0.810873
