#! FIELDS d_abs file.free der_d_abs
#! SET min_d_abs -0.707104
#! SET max_d_abs 9.36682
#! SET nbins_d_abs  144
#! SET periodic_d_abs false
   -0.707104000  762.197152685   -0.000000000
   -0.636656979  760.199747592  -49.488423996
   -0.566209958  754.246221410 -130.118951924
   -0.495762937  739.868408788 -295.667796604
   -0.425315916  709.676040335 -583.674240088
   -0.354868895  654.627132228 -996.594618468
   -0.284421874  568.012298365 -1459.144941981
   -0.213974853  451.781461347 -1804.951323469
   -0.143527832  320.902737649 -1847.895507431
   -0.073080811  200.797022395 -1498.909334402
   -0.002633790  116.592953707 -862.313569309
    0.067813231   79.966377225 -197.388783668
    0.138260252   83.273653446  238.894069451
    0.208707273  105.870154446  351.890998081
    0.279154294  127.504241207  239.641658568
    0.349601315  138.594701350   80.511371492
    0.420048336  140.642867570   -6.754868023
    0.490495357  139.579063287  -13.773240644
    0.560942378  139.362871174    7.476958010
    0.631389399  140.253843500   14.209806828
    0.701836420  140.977360481    4.746981294
    0.772283441  140.288484019  -10.770176501
    0.842730462  139.850739720   -0.610372235
    0.913177483  140.242052587   10.944210620
    0.983624503  141.207649763   14.705015536
    1.054071524  142.030123231    7.385599314
    1.124518545  142.155366469   -3.818377876
    1.194965566  141.657268866   -9.501488710
    1.265412587  140.936210466  -10.181389764
    1.335859608  140.271613852   -8.653241039
    1.406306629  139.673716092   -8.374972336
    1.476753650  139.131987661   -6.756788600
    1.547200671  138.782938145   -2.812427781
    1.617647692  138.778925273    2.588305124
    1.688094713  139.187988529    8.948842274
    1.758541734  139.992646455   13.037560016
    1.828988755  140.896967742   11.352988931
    1.899435776  141.463875629    4.067254062
    1.969882797  141.390663086   -6.655585529
    2.040329818  140.524492452  -17.434157344
    2.110776839  139.037793176  -24.277948219
    2.181223860  137.310209077  -23.084624810
    2.251670881  135.974766816  -13.826100540
    2.322117902  135.443937220   -1.371280348
    2.392564923  135.742979371    9.315143690
    2.463011944  136.650880963   15.724640933
    2.533458965  137.856090358   17.390276757
    2.603905986  139.044599869   15.973201976
    2.674353007  140.076500612   13.214382350
    2.744800028  140.888529367   10.197537738
    2.815247049  141.515260234    7.703434729
    2.885694070  142.000508576    5.949020740
    2.956141091  142.294429923    2.043138457
    3.026588112  142.279928602   -2.226560222
    3.097035133  142.055036890   -3.962223940
    3.167482154  141.799642628   -3.095135655
    3.237929175  141.639513228   -1.228701833
    3.308376196  141.618385057    0.672249617
    3.378823217  141.713113952    1.641767357
    3.449270238  141.857360631    2.276001610
    3.519717259  142.024407101    2.148984798
    3.590164280  142.239054534    3.816322854
    3.660611301  142.531758129    4.843887402
    3.731058322  142.903316195    5.401468226
    3.801505343  143.230971387    3.923638353
    3.871952364  143.417251035    1.364263275
    3.942399385  143.430988845   -1.158011025
    4.012846406  143.268462856   -3.274297959
    4.083293427  142.971917329   -5.205518093
    4.153740448  142.520376555   -7.633272839
    4.224187469  141.890808538  -10.164908655
    4.294634490  141.107519392  -11.658437354
    4.365081510  140.268160718  -11.815850255
    4.435528531  139.483734007  -10.097191745
    4.505975552  138.848926144   -7.973844681
    4.576422573  138.377180644   -5.848777441
    4.646869594  137.989502529   -5.486821218
    4.717316615  137.539788671   -7.299857845
    4.787763636  137.000715243   -7.917183613
    4.858210657  136.449556434   -7.308133699
    4.928657678  135.987272301   -5.760871287
    4.999104699  135.624963607   -4.618753949
    5.069551720  135.319234800   -3.929089428
    5.139998741  135.065245215   -3.090847643
    5.210445762  134.871226010   -1.997757714
    5.280892783  134.756738404   -1.147262384
    5.351339804  134.699580305   -0.621664877
    5.421786825  134.662497935   -0.253025937
    5.492233846  134.653059116    0.014710936
    5.562680867  134.671016605    0.518741890
    5.633127888  134.732268921    1.295212970
    5.703574909  134.863534304    2.571572488
    5.774021930  135.091826040    4.113070593
    5.844468951  135.429270652    5.467318933
    5.914915972  135.885960861    7.577150902
    5.985362993  136.438726623    7.861271388
    6.055810014  136.957762544    6.452322233
    6.126257035  137.348167200    4.892067701
    6.196704056  137.691425912    5.299502020
    6.267151077  138.085206912    6.194688896
    6.337598098  138.568198364    7.343688958
    6.408045119  139.065636453    6.362893411
    6.478492140  139.406496113    3.356265287
    6.548939161  139.537548886    0.965326617
    6.619386182  139.579189315    0.461215989
    6.689833203  139.655162750    1.754560571
    6.760280224  139.804597598    2.399780526
    6.830727245  139.981617798    2.548637274
    6.901174266  140.127287086    1.465760586
    6.971621287  140.203139237    0.893840904
    7.042068308  140.237285892    0.230935998
    7.112515329  140.225612395   -0.934714870
    7.182962350  140.103515108   -2.468495492
    7.253409371  139.872136708   -3.616022707
    7.323856392  139.662252823   -1.694319325
    7.394303413  139.662351121    1.985799400
    7.464750434  139.938392642    5.220312770
    7.535197455  140.299094849    3.820261589
    7.605644476  140.361410494   -2.609294411
    7.676091497  139.959236250   -7.878208496
    7.746538517  139.504982146   -3.302792849
    7.816985538  139.643422165    7.832169008
    7.887432559  140.645099384   20.838080117
    7.957879580  142.341745116   12.222435990
    8.028326601  143.120298991   10.290625251
    8.098773622  143.903753762   11.955610757
    8.169220643  144.489955587   -1.339912912
    8.239667664  142.225359050  -78.318263181
    8.310114685  130.932039732 -259.847696685
    8.380561706  104.020786894 -505.042316484
    8.451008727   61.932134702 -656.448642446
    8.521455748   18.675344860 -507.592361174
    8.591902769    0.000000000   40.942240394
    8.662349790   31.001056727  862.020900735
    8.732796811  120.590710325 1646.358278378
    8.803243832  254.727753776 2087.279136131
    8.873690853  403.606722830 2064.751452880
    8.944137874  537.062066018 1680.809443807
    9.014584895  637.108889787 1154.386168120
    9.085031916  700.973735580  678.321780719
    9.155478937  736.102098732  344.679351844
    9.225925958  752.867198797  151.927068711
    9.296372979  759.824069468   58.189413551
    9.366820000  762.197152672    0.006146600
