#! FIELDS d_abs file.free der_d_abs
#! SET min_d_abs -0.707106
#! SET max_d_abs 9.26161
#! SET nbins_d_abs  142
#! SET periodic_d_abs false
   -0.707106000  373.551978333   -0.000000000
   -0.636405887  373.040131608  -13.183501554
   -0.565705773  371.436758760  -35.328305846
   -0.495005660  367.483710826  -81.763821547
   -0.424305546  358.986135790 -165.417943477
   -0.353605433  343.141373095 -288.756637413
   -0.282905319  317.640670142 -433.564895157
   -0.212205206  282.343634930 -556.630759757
   -0.141505092  240.763215561 -602.930542762
   -0.070804979  199.709175336 -539.644394032
   -0.000104865  166.706778486 -382.582762539
    0.070595248  146.270842330 -197.604228619
    0.141295362  137.623285828  -59.918165528
    0.211995475  135.654636253  -10.571612139
    0.282695589  134.323593310  -36.080681269
    0.353395702  129.872224645  -90.463915234
    0.424095816  121.863961528 -131.327780760
    0.494795929  112.055292356 -141.167040158
    0.565496043  102.443018711 -128.475147834
    0.636196156   93.989942993 -110.857430952
    0.706896270   86.692650846  -95.834909700
    0.777596383   80.268297438  -81.552487392
    0.848296496   75.353754722  -56.257589905
    0.918996610   72.456765012  -25.387466082
    0.989696723   71.677551644    1.980019482
    1.060396837   72.415612330   15.903738535
    1.131096950   73.515219747   11.896584494
    1.201797064   73.790066709   -5.638043646
    1.272497177   72.593904109  -28.087915604
    1.343197291   69.893454695  -47.136599775
    1.413897404   66.067159295  -60.353607869
    1.484597518   61.408036823  -71.377841667
    1.555297631   55.980179653  -82.003604021
    1.625997745   49.836425589  -90.831642668
    1.696697858   43.281413742  -92.983933655
    1.767397972   36.920834587  -84.913569184
    1.838098085   31.572594146  -64.022821000
    1.908798199   28.165054726  -30.821492803
    1.979498312   27.349683553    8.126238890
    2.050198426   29.228686612   43.793577145
    2.120898539   33.266792240   68.098879556
    2.191598652   38.485386959   77.260991349
    2.262298766   43.964237247   76.902155639
    2.332998879   49.380282721   77.432954262
    2.403698993   55.112735470   86.057088622
    2.474399106   61.642989043   98.215275007
    2.545099220   68.809296989  101.618279951
    2.615799333   75.562181841   85.693107012
    2.686499447   80.512455154   52.601258187
    2.757199560   82.956759333   17.406806735
    2.827899674   83.203482247   -8.052608188
    2.898599787   82.186167062  -18.408875110
    2.969299901   80.891870914  -16.649873212
    3.040000014   79.903935540  -11.218786019
    3.110700128   79.275229732   -7.337079852
    3.181400241   78.740974641   -8.785851645
    3.252100355   77.927180798  -14.809471295
    3.322800468   76.626872528  -22.150220457
    3.393500582   74.826127606  -27.911829093
    3.464200695   72.804343052  -28.649425436
    3.534900809   70.839418291  -26.432488261
    3.605600922   69.103179921  -22.574045998
    3.676301035   67.672310167  -18.263139698
    3.747001149   66.539098882  -14.022719938
    3.817701262   65.695593599   -9.636475961
    3.888401376   65.215682263   -3.497497581
    3.959101489   65.252406824    5.042207722
    4.029801603   65.938047090   14.070902206
    4.100501716   67.184631045   20.437142130
    4.171201830   68.714143235   21.701148443
    4.241901943   70.064593510   15.706450767
    4.312602057   70.838873356    5.827127535
    4.383302170   70.890852191   -4.114667597
    4.454002284   70.307421465  -12.127544796
    4.524702397   69.241570189  -17.554312863
    4.595402511   67.845397130  -21.548544728
    4.666102624   66.221472666  -23.987837121
    4.736802738   64.525612827  -24.010425249
    4.807502851   62.897720011  -21.729641384
    4.878202965   61.455809456  -19.475005516
    4.948903078   60.083910881  -19.539396097
    5.019603191   58.654291239  -20.979270733
    5.090303305   57.139243830  -22.090562001
    5.161003418   55.567179293  -22.561198283
    5.231703532   53.923911041  -24.444867860
    5.302403645   52.065791061  -28.301274241
    5.373103759   49.973383674  -30.277025636
    5.443803872   47.933340879  -26.051880455
    5.514503986   46.486996905  -14.124884034
    5.585204099   46.029537787    0.806626338
    5.655904213   46.522117109   12.160857809
    5.726604326   47.589893235   17.297904624
    5.797304440   48.887453457   19.054818670
    5.868004553   50.238034787   18.905758156
    5.938704667   51.483572969   15.788454554
    6.009404780   52.332891626    7.077397977
    6.080104894   52.334175723   -7.592544255
    6.150805007   51.241713320  -22.811624167
    6.221505121   49.313256496  -30.197058308
    6.292205234   47.235294413  -27.184426597
    6.362905348   45.603533601  -18.835519181
    6.433605461   44.517818171  -12.506100805
    6.504305574   43.692879201  -11.869366419
    6.575005688   42.773824145  -14.065471591
    6.645705801   41.769217957  -13.366738587
    6.716405915   41.085144826   -4.700197959
    6.787106028   41.247709528    9.690318628
    6.857806142   42.450419284   23.382056595
    6.928506255   44.327815976   27.344872736
    6.999206369   46.030658196   18.703189324
    7.069906482   46.782277989    1.581404737
    7.140606596   46.215299847  -17.167531935
    7.211306709   44.450814384  -31.759633536
    7.282006823   41.867812790  -40.208989018
    7.352706936   38.881158454  -43.106448740
    7.423407050   35.916838873  -39.801661222
    7.494107163   33.408928328  -30.205745920
    7.564807277   31.749189127  -16.530153200
    7.635507390   31.011517515   -5.399238667
    7.706207504   30.726677996   -4.818930841
    7.776907617   30.059891039  -14.961519029
    7.847607730   28.598607050  -31.851709275
    7.918307844   26.300632946  -29.470104202
    7.989007957   25.012239861   -3.683115931
    8.059708071   25.980899661   29.658318054
    8.130408184   28.494702194   33.199426417
    8.201108298   29.238883116  -22.481171001
    8.271808411   24.236514997 -121.618340741
    8.342508525   12.796641766 -187.741681474
    8.413208638    0.865448041 -120.961419323
    8.483908752    0.000000000  124.820585908
    8.554608865   21.405562102  490.182234714
    8.625308979   68.749571102  831.920207726
    8.696009092  135.148490399 1011.607401521
    8.766709206  206.699849976  978.765642774
    8.837409319  269.716281459  785.229294863
    8.908109433  316.355309142  532.949059543
    8.978809546  345.813833917  310.114704357
    9.049509660  361.854423025  155.923311014
    9.120209773  369.429456661   67.938568707
    9.190909887  372.534353709   25.695518664
    9.261610000  373.551978331    0.008030628
