#! FIELDS d_abs file.free der_d_abs
#! SET min_d_abs -0.707107
#! SET max_d_abs 9.34986
#! SET nbins_d_abs  144
#! SET periodic_d_abs false
   -0.707107000  533.984503505   -0.000000000
   -0.636778559  533.317138762  -17.179568401
   -0.566450119  531.228176002  -46.372318755
   -0.496121678  526.014802010 -108.574487262
   -0.425793238  514.821512531 -218.721641687
   -0.355464797  493.958484247 -382.741431726
   -0.285136357  460.189911983 -579.191252008
   -0.214807916  413.061389850 -750.738669948
   -0.144479476  356.957191241 -822.685852434
   -0.074151035  300.871205649 -746.916201674
   -0.003822594  254.964496761 -542.809737361
    0.066505846  225.543726544 -295.906965626
    0.136834287  211.912382790 -108.712263549
    0.207162727  207.443700977  -38.582884825
    0.277491168  204.098130556  -68.717305159
    0.347819608  196.872371321 -137.439732622
    0.418148049  185.232030565 -186.746766646
    0.488476490  171.663849572 -192.066292923
    0.558804930  158.986333326 -164.752814803
    0.629133371  148.702587081 -127.707056236
    0.699461811  140.933685944  -94.565890008
    0.769790252  134.981112561  -72.371012810
    0.840118692  130.651431637  -51.556121674
    0.910447133  127.705091791  -31.969530994
    0.980775573  126.171629216  -11.187494867
    1.051104014  126.136217195    9.516127157
    1.121432455  127.287605192   21.401566569
    1.191760895  128.890207039   22.251947553
    1.262089336  130.241552617   15.156706856
    1.332417776  130.869156360    1.661477204
    1.402746217  130.346802809  -17.093987769
    1.473074657  128.305517662  -42.333244269
    1.543403098  124.221602601  -74.690482709
    1.613731538  117.739962608 -109.629513566
    1.684059979  108.902202251 -140.639896189
    1.754388420   98.160382639 -162.831572433
    1.824716860   86.415373712 -167.294979703
    1.895045301   75.296821107 -144.021047984
    1.965373741   66.858694378  -91.450105954
    2.035702182   62.803267591  -22.185789154
    2.106030622   63.746039454   46.704612311
    2.176359063   68.842482297   93.400613309
    2.246687503   76.179818681  110.939966972
    2.317015944   84.045551948  111.256737932
    2.387344385   91.883843870  113.180525945
    2.457672825  100.258298639  126.421407082
    2.528001266  109.707722440  141.846491633
    2.598329706  119.984454840  148.164885300
    2.668658147  130.175127477  139.117063960
    2.738986587  139.234407096  117.106330752
    2.809315028  146.563421702   91.332050801
    2.879643469  152.113722677   67.448796735
    2.949971909  156.179290778   49.428416034
    3.020300350  159.212878756   37.801124669
    3.090628790  161.585426086   30.071505321
    3.160957231  163.439486834   22.421322762
    3.231285671  164.755688810   15.232434501
    3.301614112  165.696173315   11.995611993
    3.371942552  166.534803481   12.388588461
    3.442270993  167.496864814   15.423462807
    3.512599434  168.734452026   19.764449319
    3.582927874  170.248998646   22.879570358
    3.653256315  171.903544184   23.621913500
    3.723584755  173.512648666   22.040724829
    3.793913196  175.000085218   19.928213047
    3.864241636  176.343242072   18.282964113
    3.934570077  177.645660668   19.039405828
    4.004898517  179.067382442   21.642718741
    4.075226958  180.666339934   24.154851512
    4.145555399  182.402402519   24.569719610
    4.215883839  183.963703730   18.799548340
    4.286212280  184.939311743    8.802042817
    4.356540720  185.158429343   -2.973180121
    4.426869161  184.547416611  -14.030588150
    4.497197601  183.245128699  -22.372506350
    4.567526042  181.436133946  -28.689380845
    4.637854483  179.247388013  -33.042234908
    4.708182923  176.838417837  -35.068310062
    4.778511364  174.365504123  -34.589367749
    4.848839804  172.035535396  -31.627879668
    4.919168245  169.901934369  -28.863048707
    4.989496685  167.929385574  -27.720987675
    5.059825126  165.947607412  -29.253519089
    5.130153566  163.753279057  -32.997071480
    5.200482007  161.324504189  -35.988862253
    5.270810448  158.758127417  -36.155286721
    5.341138888  156.376668455  -30.699850499
    5.411467329  154.549703221  -21.041058778
    5.481795769  153.426363042  -10.849271970
    5.552124210  152.923640277   -4.178182812
    5.622452650  152.718126580   -2.671911874
    5.692781091  152.529804860   -2.993688763
    5.763109531  152.276063477   -4.524731453
    5.833437972  151.872593929   -7.255953935
    5.903766413  151.211395946  -11.839192252
    5.974094853  150.155003881  -18.253835562
    6.044423294  148.659110525  -23.526642373
    6.114751734  146.972969649  -23.057245620
    6.185080175  145.526089000  -17.249025374
    6.255408615  144.593909015   -9.503057604
    6.325737056  144.182277784   -2.375788528
    6.396065497  144.184253287    1.947927000
    6.466393937  144.439966480    4.643230162
    6.536722378  144.826444262    6.516198836
    6.607050818  145.315402033    6.942069934
    6.677379259  145.786043758    6.326526646
    6.747707699  146.176797166    5.127585507
    6.818036140  146.546247884    5.693936336
    6.888364580  147.061991621    9.350617827
    6.958693021  147.898655886   14.510465806
    7.029021462  149.053080868   17.660645279
    7.099349902  150.334050718   17.927016120
    7.169678343  151.486053975   14.304162983
    7.240006783  152.248056778    7.451559398
    7.310335224  152.514568970    0.854028239
    7.380663664  152.408136690   -3.466980548
    7.450992105  152.180729931   -2.041839420
    7.521320545  152.212321581    3.537901563
    7.591648986  152.676266103    9.292856879
    7.661977427  153.478326126   12.623143015
    7.732305867  154.335050757   10.772592807
    7.802634308  154.823228659    2.542839218
    7.872962748  154.649704472   -7.685104639
    7.943291189  153.659531745  -28.352863450
    8.013619629  151.298990090  -37.513179578
    8.083948070  148.462664478  -44.057447512
    8.154276510  144.626233438  -71.350692971
    8.224604951  137.065750443 -155.921803492
    8.294933392  120.922814884 -314.105227760
    8.365261832   92.228494291 -497.662246255
    8.435590273   53.235381694 -581.838186327
    8.505918713   16.071333875 -427.115478769
    8.576247154    0.000000000   13.185504270
    8.646575594   22.059268231  625.833555603
    8.716904035   86.729135425 1184.234263434
    8.787232476  182.345318739 1480.200110358
    8.857560916  287.078386859 1446.177471050
    8.927889357  379.911443866 1165.083341604
    8.998217797  448.856914851  793.557268524
    9.068546238  492.555237194  463.304058465
    9.138874678  516.439634589  233.874928151
    9.209203119  527.758832560  102.419296930
    9.279531559  532.433363279   38.753034017
    9.349860000  533.984503501    0.007168460
