#! FIELDS d_abs file.free der_d_abs
#! SET min_d_abs -0.707104
#! SET max_d_abs 9.2803
#! SET nbins_d_abs  143
#! SET periodic_d_abs false
   -0.707104000  660.052367814   -0.000000000
   -0.636770169  658.484245858  -39.179681965
   -0.566436338  653.787442206 -102.897217037
   -0.496102507  642.424854849 -234.406021996
   -0.425768676  618.508750553 -463.553379539
   -0.355434845  574.774137857 -794.406972746
   -0.285101014  505.679182005 -1168.687028331
   -0.214767183  412.349316421 -1457.924254997
   -0.144433352  306.167990314 -1512.475542446
   -0.074099521  206.914272400 -1259.763493622
   -0.003765690  134.502293576 -775.039491296
    0.066568141   98.543690944 -261.670242376
    0.136901972   93.507526314   77.462133628
    0.207235803  103.331012238  161.573040363
    0.277569634  111.915632237   64.087983897
    0.347903465  111.521675827  -70.197248980
    0.418237296  103.683930157 -137.969091272
    0.488571127   93.994783195 -127.691968751
    0.558904958   86.470818938  -85.790119369
    0.629238789   81.539760605  -59.250770275
    0.699572620   77.420736562  -61.991907390
    0.769906451   71.975741355  -84.475385588
    0.840240282   65.820536259  -88.890056831
    0.910574113   59.789587477  -80.811034670
    0.980907944   54.551511215  -68.571677959
    1.051241775   49.944013495  -64.687700879
    1.121575606   45.124220757  -74.494121785
    1.191909437   39.303521483  -90.982879278
    1.262243268   32.434238316 -102.815797111
    1.332577099   25.072094681 -104.363180298
    1.402910930   17.977335608  -96.302967470
    1.473244761   11.573345877  -84.993867221
    1.543578592    6.151025834  -68.236504798
    1.613912423    2.129180241  -44.945298708
    1.684246254    0.000000000  -14.774668603
    1.754580085    0.101814457   17.917505665
    1.824913915    2.512519374   49.874085958
    1.895247746    6.958324903   75.496485811
    1.965581577   13.006041906   95.410691919
    2.035915408   20.189587697  107.332050516
    2.106249239   27.820414751  107.916154114
    2.176583070   35.042256320   95.717795525
    2.246916901   41.074964372   74.628991883
    2.317250732   45.410029008   48.354716639
    2.387584563   47.865017379   22.432613087
    2.457918394   48.687563265    1.874821588
    2.528252225   48.260889839  -13.365642703
    2.598586056   46.947188195  -23.096587210
    2.668919887   45.148615930  -26.949551435
    2.739253718   43.269432572  -25.735419754
    2.809587549   41.561793746  -22.975388706
    2.879921380   40.009062273  -21.069884552
    2.950255211   38.654911560  -16.940912734
    3.020589042   37.666617281  -10.369055563
    3.090922873   37.259890766   -1.073147728
    3.161256704   37.527849012    8.968109568
    3.231590535   38.489538470   17.467931901
    3.301924366   39.831757386   19.631961664
    3.372258197   41.136133481   16.580122092
    3.442592028   42.089747343   10.044522336
    3.512925859   42.556408379    3.403555380
    3.583259690   42.612719499   -1.516446417
    3.653593521   42.417587880   -3.478791454
    3.723927352   42.158381459   -3.873242299
    3.794261183   41.961341670   -1.085596643
    3.864595014   42.084909156    4.854112990
    3.934928845   42.656590495   11.184231451
    4.005262676   43.633634111   15.893894088
    4.075596507   44.783357339   16.134844773
    4.145930338   45.775995869   11.018605414
    4.216264169   46.307964398    4.093106613
    4.286598000   46.426071706   -0.042341241
    4.356931831   46.410167555    0.208306739
    4.427265662   46.481441152    2.238400485
    4.497599493   46.645860159    1.981019842
    4.567933324   46.722587044    0.271626982
    4.638267155   46.696431143   -1.035522130
    4.708600986   46.578131141   -1.913034268
    4.778934817   46.430017402   -2.401398777
    4.849268648   46.220087951   -3.735554694
    4.919602479   45.891774323   -5.445964516
    4.989936310   45.493446896   -5.607731790
    5.060270141   45.191675133   -2.621806582
    5.130603972   45.091263671   -0.534405128
    5.200937803   45.068889704   -0.652332182
    5.271271634   44.945818091   -3.279749595
    5.341605465   44.586957463   -7.079284674
    5.411939296   44.009351865   -8.953165619
    5.482273127   43.387517101   -8.540919066
    5.552606958   42.814410046   -8.124249185
    5.622940789   42.263526797   -7.382690347
    5.693274620   41.805139440   -6.025937858
    5.763608451   41.427352289   -4.659037947
    5.833942282   41.160856273   -3.026538565
    5.904276113   40.932247402   -3.605487125
    5.974609944   40.621476925   -4.704107275
    6.044943775   40.344897392   -2.615363088
    6.115277606   40.338331079    3.181527500
    6.185611437   40.808577750    9.830658810
    6.255945268   41.636324191   12.830946415
    6.326279099   42.494269817   10.909561976
    6.396612930   43.100599251    6.274609631
    6.466946761   43.406199278    2.858876484
    6.537280592   43.529412649    1.090950288
    6.607614423   43.586816271    0.402223469
    6.677948254   43.588411774   -0.628609290
    6.748282085   43.485846155   -2.512649734
    6.818615915   43.219153113   -4.954872112
    6.888949746   42.832252256   -5.478887030
    6.959283577   42.491602887   -3.633005672
    7.029617408   42.360847669   -0.267989524
    7.099951239   42.459926902    2.830453376
    7.170285070   42.690015988    3.567449813
    7.240618901   42.944143930    3.691127741
    7.310952732   43.197290906    2.953461217
    7.381286563   43.357811484    1.564607918
    7.451620394   43.367967065   -1.086048287
    7.521954225   43.195002170   -2.831402599
    7.592288056   43.150240995    3.127945543
    7.662621887   43.798652410   15.600065122
    7.732955718   45.215282206   22.977170823
    7.803289549   46.655686654   15.134266324
    7.873623380   46.874293031  -19.962176558
    7.943957211   44.636091472  -39.527718368
    8.014291042   42.220644869  -21.740901112
    8.084624873   42.428519526   30.485591684
    8.154958704   46.099570556   64.659739122
    8.225292535   49.512660192   15.368717567
    8.295626366   46.258320100 -115.535558848
    8.365960197   33.924201392 -215.795073830
    8.436294028   20.639209282 -116.653158671
    8.506627859   24.476250352  273.173032896
    8.576961690   63.915501353  864.822005723
    8.647295521  145.353845781 1423.388669764
    8.717629352  257.788081432 1716.209851038
    8.787963183  378.383589403 1656.789059936
    8.858297014  484.474998309 1328.863526489
    8.928630845  563.029629825  903.093133219
    8.998964676  612.771737534  527.701692500
    9.069298507  639.998333739  266.766549916
    9.139632338  652.929150089  117.054595179
    9.209966169  658.267680652   44.255188696
    9.280300000  660.052367814   -0.000000000
