#! FIELDS d_abs file.free der_d_abs
#! SET min_d_abs -0.707107
#! SET max_d_abs 9.34285
#! SET nbins_d_abs  144
#! SET periodic_d_abs false
   -0.707107000  449.862368173   -0.000000000
   -0.636827580  448.698686747  -28.687180963
   -0.566548161  445.200950574  -77.257612955
   -0.496268741  436.607819529 -178.209169994
   -0.425989322  418.365712684 -355.095657345
   -0.355709902  384.750942543 -613.159326477
   -0.285430483  331.192859049 -911.531746371
   -0.215151063  257.884673044 -1154.980957118
   -0.144871643  173.036354382 -1221.523389255
   -0.074592224   92.094765116 -1039.899081124
   -0.004312804   31.759372289 -652.568320615
    0.065966615    1.751446937 -206.894890989
    0.136246035    0.000000000  127.464224656
    0.206525455   14.840356747  260.035999470
    0.276804874   32.439924021  219.896376485
    0.347084294   44.181075301  112.159184032
    0.417363713   48.858402482   30.025558294
    0.487643133   49.931090480   10.651349247
    0.557922552   51.445504016   37.225228161
    0.628201972   55.457897965   76.559543306
    0.698481392   61.953210103  105.555255352
    0.768760811   69.509371273  112.364698106
    0.839040231   77.416374098  109.915027838
    0.909319650   84.735153771   97.849312526
    0.979599070   91.249653043   89.010357382
    1.049878490   97.485433246   90.436142597
    1.120157909  104.122255575   99.057651479
    1.190437329  111.405863780  107.785919727
    1.260716748  119.301274471  116.854159750
    1.330996168  127.901183617  128.979635356
    1.401275587  137.700146965  152.094299853
    1.471555007  149.482396206  183.330473300
    1.541834427  163.271211528  205.438950805
    1.612113846  177.534162358  193.177641433
    1.682393266  189.392169929  138.119229714
    1.752672685  196.347838987   58.329992058
    1.822952105  197.812110233  -11.228734789
    1.893231524  195.971448890  -31.575550141
    1.963510944  194.657066581    1.449945639
    2.033790364  196.793544738   59.747780102
    2.104069783  202.583927410   98.498316800
    2.174349203  209.423538565   86.316304670
    2.244628622  213.478479282   22.024207508
    2.314908042  211.916286858  -67.456803238
    2.385187462  204.241984660 -147.166329981
    2.455466881  191.868320790 -199.495648601
    2.525746301  176.886782975 -222.374880052
    2.596025720  161.108191729 -223.429292234
    2.666305140  145.992540373 -202.796997536
    2.736584559  133.150574033 -158.988970571
    2.806863979  124.170440168  -93.922290120
    2.877143399  120.093649995  -22.670860324
    2.947422818  120.719649481   36.761444434
    3.017702238  124.616884444   69.212191207
    3.087981657  129.758068917   72.734429744
    3.158261077  134.410869787   57.478370870
    3.228540497  137.695028692   36.506389068
    3.298819916  139.665155552   20.286843082
    3.369099336  140.647689401    8.219203187
    3.439378755  140.846560445   -2.975920519
    3.509658175  140.241087391  -14.138251298
    3.579937594  138.915613187  -22.813417168
    3.650217014  137.160793228  -25.680693282
    3.720496434  135.485300997  -20.048508981
    3.790775853  134.538088280   -5.664979002
    3.861055273  134.780598232   13.339617001
    3.931334692  136.387652827   31.997303130
    4.001614112  139.232887939   48.038723672
    4.071893531  142.984066033   57.413268944
    4.142172951  147.094553619   57.702390052
    4.212452371  150.842718839   47.207150300
    4.282731790  153.515316826   27.741109958
    4.353011210  154.709971261    6.646676874
    4.423290629  154.522932452  -10.840903050
    4.493570049  153.413586731  -19.007134603
    4.563849469  152.109764952  -16.642050910
    4.634128888  151.227054622   -7.793152217
    4.704408308  151.059815937    2.472573005
    4.774687727  151.464035689    8.246686746
    4.844967147  152.074504975    7.770653680
    4.915246566  152.454406540    2.272906506
    4.985525986  152.295779268   -7.418635315
    5.055805406  151.367586040  -18.787193209
    5.126084825  149.676698474  -28.331751552
    5.196364245  147.542107359  -31.311694332
    5.266643664  145.488778908  -25.647418817
    5.336923084  144.069175386  -13.793420219
    5.407202503  143.638911451    1.733162257
    5.477481923  144.223637067   14.086533707
    5.547761343  145.471517895   20.475476968
    5.618040762  146.979050855   21.351330220
    5.688320182  148.365877628   17.509022871
    5.758599601  149.412793839   12.086080742
    5.828879021  150.022394327    5.146295228
    5.899158441  150.213169354    0.627160478
    5.969437860  150.176292951   -1.004673096
    6.039717280  150.141963009    0.765269788
    6.109996699  150.353954494    5.282050562
    6.180276119  150.828790728    7.525975363
    6.250555538  151.331844463    5.834273441
    6.320834958  151.578161518    0.871238146
    6.391114378  151.507631094   -2.275853270
    6.461393797  151.343346898   -1.511469445
    6.531673217  151.369561726    2.410163994
    6.601952636  151.603433086    3.359821963
    6.672232056  151.736803276   -0.497097505
    6.742511476  151.435058916   -8.059925901
    6.812790895  150.718213622  -10.636019653
    6.883070315  150.209493470   -1.878535170
    6.953349734  150.715704489   17.527051751
    7.023629154  152.714095709   38.543958342
    7.093908573  155.920064931   50.393487267
    7.164187993  159.473864253   48.557430464
    7.234467413  162.530228297   37.773209228
    7.304746832  164.816262851   28.300964441
    7.375026252  166.698413550   27.219705931
    7.445305671  168.841573714   35.176731719
    7.515585091  171.751213186   47.617577832
    7.585864510  175.480840884   57.417604709
    7.656143930  179.618644275   58.802601207
    7.726423350  183.513447765   50.516104369
    7.796702769  186.565515602   35.752993918
    7.866982189  188.498950942   20.435728471
    7.937261608  189.538182201    7.363845301
    8.007541028  190.000348014    7.605290608
    8.077820448  190.817895619   16.342186349
    8.148099867  192.206740816   21.646981710
    8.218379287  193.409394076    8.604725394
    8.288658706  192.794195000  -30.000883336
    8.358938126  188.971986394  -77.058881538
    8.429217545  182.810465769  -87.209701481
    8.499496965  178.812901477   -8.641253102
    8.569776385  184.106613770  174.647229464
    8.640055804  204.746182901  415.262357800
    8.710335224  241.684053310  622.407440177
    8.780614643  289.507085795  715.435820622
    8.850894063  338.962104230  670.733103295
    8.921173483  381.460448735  527.699019366
    8.991452902  412.426032350  353.756133539
    9.061732322  431.784057173  204.173280310
    9.132011741  442.258619315  102.169906410
    9.202291161  447.188975160   44.423620797
    9.272570580  449.204760625   16.750880151
    9.342850000  449.862368173   -0.000000000
