#! FIELDS d_abs file.free der_d_abs
#! SET min_d_abs -0.707106
#! SET max_d_abs 9.30906
#! SET nbins_d_abs  143
#! SET periodic_d_abs false
   -0.707106000  780.430671914   -0.002169670
   -0.636569620  778.144521894  -55.962489625
   -0.566033239  771.406288828 -147.053108023
   -0.495496859  755.146955361 -334.008757536
   -0.424960479  720.988231573 -659.452716672
   -0.354424099  658.785614218 -1123.746402904
   -0.283887718  561.102680930 -1641.930936219
   -0.213351338  430.240289722 -2027.707774636
   -0.142814958  283.182604100 -2071.416042756
   -0.072278577  148.531794826 -1676.101549425
   -0.001742197   54.473209354 -958.581812259
    0.068794183   13.951321186 -213.469406970
    0.139330563   18.015322093  268.536182251
    0.209866944   42.911784686  379.310683055
    0.280403324   65.357352344  231.326228327
    0.350939704   74.493959586   35.776857333
    0.421476085   72.887464624  -59.324407896
    0.492012465   68.958007831  -37.455652097
    0.562548845   68.694745180   30.883010023
    0.633085225   72.638102508   72.370146293
    0.703621606   77.611068010   60.456021092
    0.774157986   79.606868477    7.884234762
    0.844694366   78.748029818  -30.358515574
    0.915230746   75.762832480  -50.541515633
    0.985767127   72.126102434  -49.080046588
    1.056303507   69.171802698  -33.824250798
    1.126839887   67.366153368  -18.108064169
    1.197376268   66.444559941   -9.590832246
    1.267912648   65.771585792  -11.277506723
    1.338449028   64.691375589  -19.967309703
    1.408985408   62.999820436  -27.700442422
    1.479521789   60.932410974  -29.864595454
    1.550058169   58.961601257  -25.040005458
    1.620594549   57.494935405  -15.979396629
    1.691130930   56.786411460   -3.993859535
    1.761667310   56.968326441    9.043306372
    1.832203690   58.036129614   20.696134412
    1.902740070   59.788825829   27.571167136
    1.973276451   61.736682996   26.652488630
    2.043812831   63.350148130   18.454618718
    2.114349211   64.404187387   13.176997653
    2.184885592   65.560362073   22.456415569
    2.255421972   68.002713622   49.118051402
    2.325958352   72.618860905   81.123880479
    2.396494732   79.253928813  104.609731294
    2.467031113   86.980429046  111.254703074
    2.537567493   94.513597303  100.156695412
    2.608103873  100.897208038   80.254518923
    2.678640254  105.829572468   59.916612605
    2.749176634  109.353611401   40.309578001
    2.819713014  111.554302261   22.447363230
    2.890249394  112.626131240    8.593193845
    2.960785775  112.934588078    1.257998877
    3.031322155  112.933999466   -0.711537306
    3.101858535  112.920190818   -0.017944424
    3.172394915  112.889486422   -0.940251863
    3.242931296  112.732981722   -3.573054010
    3.313467676  112.407555858   -5.510756477
    3.384004056  111.979561366   -6.213039055
    3.454540437  111.597923493   -4.499613617
    3.525076817  111.377077069   -1.526903894
    3.595613197  111.366435441    1.220869192
    3.666149577  111.552380997    4.048003247
    3.736685958  111.912300396    5.537398033
    3.807222338  112.312912138    5.584518363
    3.877758718  112.655840258    3.718460386
    3.948295099  112.779853335   -0.373956465
    4.018831479  112.622098816   -4.029060414
    4.089367859  112.273884717   -5.762000906
    4.159904239  111.864669954   -5.643549241
    4.230440620  111.506653921   -4.324386710
    4.300977000  111.250319723   -2.993207699
    4.371513380  111.106398723   -1.072067429
    4.442049761  111.072719598    0.042727743
    4.512586141  111.137508978    1.706664773
    4.583122521  111.298781702    2.706088222
    4.653658901  111.444181045    1.075578642
    4.724195282  111.426499800   -2.312651022
    4.794731662  111.114403097   -6.518789221
    4.865268042  110.565847470   -8.954448449
    4.935804423  109.918433122   -8.910410945
    5.006340803  109.372008862   -6.562310713
    5.076877183  109.018329448   -3.780548396
    5.147413563  108.801779566   -2.591022464
    5.217949944  108.635106879   -2.179833725
    5.288486324  108.509522018   -1.157048400
    5.359022704  108.461638323   -0.281077061
    5.429559085  108.467331677    0.117233749
    5.500095465  108.452223308   -0.411985641
    5.570631845  108.451998287    0.638711876
    5.641168225  108.583551094    3.336395892
    5.711704606  108.933816939    6.606372927
    5.782240986  109.514962853    9.458515637
    5.852777366  110.219781846   10.103274685
    5.923313746  110.929975686   10.251084604
    5.993850127  111.679796302   10.964509858
    6.064386507  112.487529795   11.887484951
    6.134922887  113.367552093   12.468980921
    6.205459268  114.186731241   10.409813909
    6.275995648  114.794764445    6.503862340
    6.346532028  115.111030134    2.732989170
    6.417068408  115.229151363    0.829181554
    6.487604789  115.322699488    2.122203202
    6.558141169  115.563287677    5.048018837
    6.628677549  116.034600551    7.439536295
    6.699213930  116.589800150    7.919875464
    6.769750310  117.069370866    5.502050690
    6.840286690  117.369492037    3.242997170
    6.910823070  117.548945615    2.348614391
    6.981359451  117.720559434    2.485253568
    7.051895831  117.888949853    1.944386387
    7.122432211  117.944504492   -0.997117208
    7.192968592  117.703135843   -5.910048620
    7.263504972  117.139525472   -9.633794687
    7.334041352  116.429566420   -9.486282290
    7.404577732  115.860821411   -6.328795973
    7.475114113  115.579115138   -2.002325110
    7.545650493  115.499510763   -0.921947835
    7.616186873  115.428503093   -0.769885239
    7.686723254  115.422773689    0.635266866
    7.757259634  115.521775701    1.722055992
    7.827796014  115.645621983    1.884730427
    7.898332394  115.772708995  -12.629498992
    7.968868775  114.978062072   -6.297934987
    8.039405155  115.386555023   20.800118531
    8.109941535  117.902669673   45.854934706
    8.180477915  120.275391868    4.308733104
    8.251014296  115.521107269 -161.083180699
    8.321550676   95.272452486 -418.214455858
    8.392087056   58.201930321 -601.075975889
    8.462623437   17.630887983 -483.255584468
    8.533159817    0.000000000   50.325257680
    8.603696197   31.811460572  877.535095036
    8.674232577  123.191556003 1678.891969814
    8.744768958  260.340145827 2133.665799443
    8.815305338  412.825402453 2113.402559156
    8.885841718  549.648274256 1721.492278750
    8.956378099  652.224231879 1181.773350254
    9.026914479  717.705376997  694.752519995
    9.097450859  753.726377143  352.808546531
    9.167987239  770.903053621  155.196536361
    9.238523620  778.014484531   59.127732681
    9.309060000  780.430671914    0.002016401
