#! FIELDS d_abs file.free der_d_abs
#! SET min_d_abs -0.707106
#! SET max_d_abs 9.30906
#! SET nbins_d_abs  143
#! SET periodic_d_abs false
   -0.707106000  777.761200244   -0.002169670
   -0.636569620  775.475050225  -55.962489625
   -0.566033239  768.736817159 -147.053108023
   -0.495496859  752.477483691 -334.008757536
   -0.424960479  718.318759904 -659.452716672
   -0.354424099  656.116142549 -1123.746402904
   -0.283887718  558.433209260 -1641.930936219
   -0.213351338  427.570818052 -2027.707774636
   -0.142814958  280.513132431 -2071.416042756
   -0.072278577  145.862323156 -1676.101549425
   -0.001742197   51.803737684 -958.581812259
    0.068794183   11.281849516 -213.469406970
    0.139330563   15.345850423  268.536182251
    0.209866944   40.242313016  379.310683055
    0.280403324   62.687880674  231.326228327
    0.350939704   71.824487917   35.776857333
    0.421476085   70.217992954  -59.324407896
    0.492012465   66.288536161  -37.455652097
    0.562548845   66.025273511   30.883010023
    0.633085225   69.968630838   72.370146293
    0.703621606   74.941596340   60.456021092
    0.774157986   76.937396807    7.884234762
    0.844694366   76.078558148  -30.358515574
    0.915230746   73.093360810  -50.541515633
    0.985767127   69.456630764  -49.080046588
    1.056303507   66.502331028  -33.824250798
    1.126839887   64.696681698  -18.108064169
    1.197376268   63.775088271   -9.590832246
    1.267912648   63.102114122  -11.277506723
    1.338449028   62.021903919  -19.967309703
    1.408985408   60.330348766  -27.700442422
    1.479521789   58.262939305  -29.864595454
    1.550058169   56.292129587  -25.040005458
    1.620594549   54.825463736  -15.979396629
    1.691130930   54.116939791   -3.993859535
    1.761667310   54.298854771    9.043306372
    1.832203690   55.366657944   20.696134412
    1.902740070   57.119354159   27.571167136
    1.973276451   59.067211326   26.652488630
    2.043812831   60.680676460   18.454618718
    2.114349211   61.734715717   13.176997653
    2.184885592   62.890890403   22.456415569
    2.255421972   65.333241952   49.118051402
    2.325958352   69.949389235   81.123880479
    2.396494732   76.584462634  104.610294083
    2.467031113   84.311118505  111.260494821
    2.537567493   91.845191139  100.183144318
    2.608103873   98.232638052   80.350323476
    2.678640254  103.177077776   60.189283187
    2.749176634  106.732530830   40.974723706
    2.819713014  109.003216065   23.834498375
    2.890249394  110.212161415   11.178616448
    2.960785775  110.760230443    5.548785191
    3.031322155  111.133799489    5.637867648
    3.101858535  111.640752539    8.344656802
    3.172394915  112.254037990    8.797073954
    3.242931296  112.798921495    6.346833285
    3.313467676  113.137970234    3.182546904
    3.384004056  113.245555830    0.145203811
    3.454540437  113.216287892   -0.858343717
    3.525076817  113.166912216   -0.172904464
    3.595613197  113.199727246    1.292438609
    3.666149577  113.380205118    4.020806146
    3.736685958  113.768230775    6.536310274
    3.807222338  114.304349472    8.578207145
    3.877758718  114.952761131    9.495950126
    3.948295099  115.596308996    8.605472944
    4.018831479  116.180316048    7.912820900
    4.089367859  116.749962714    8.079954129
    4.159904239  117.335881174    8.425326211
    4.230440620  117.925124968    8.197979764
    4.300977000  118.459165999    6.749794859
    4.371513380  118.889271208    5.463104003
    4.442049761  119.213426007    3.786480138
    4.512586141  119.474127882    3.739682824
    4.583122521  119.760261086    4.471329706
    4.653658901  120.066303475    4.097248979
    4.724195282  120.341610938    3.110644189
    4.794731662  120.511294457    1.717193367
    4.865268042  120.632550212    1.664481154
    4.935804423  120.788873042    3.078926636
    5.006340803  121.107935139    5.850329452
    5.076877183  121.629122665    8.582242931
    5.147413563  122.282849288    9.749640101
    5.217949944  122.989455214   10.247367754
    5.288486324  123.737511790   11.091420642
    5.359022704  124.524496853   10.969242186
    5.429559085  125.256629650    9.280161094
    5.500095465  125.787822257    5.810934600
    5.570631845  126.112551775    3.633629118
    5.641168225  126.347529342    3.347059353
    5.711704606  126.608474265    4.151386120
    5.782240986  126.945530718    5.083794513
    5.852777366  127.291404105    4.402877629
    5.923313746  127.571909394    3.895670089
    5.993850127  127.872798843    4.728980369
    6.064386507  128.265631812    6.431781560
    6.134922887  128.794206662    7.922082003
    6.205459268  129.310095041    6.226153941
    6.275995648  129.608914872    1.757941947
    6.346532028  129.546364763   -3.328980806
    6.417068408  129.188302242   -6.551581154
    6.487604789  128.733541881   -5.896611173
    6.558141169  128.414246782   -2.664042419
    6.628677549  128.372274874    0.662121724
    6.699213930  128.485536897    2.136418967
    6.769750310  128.583516694    0.411772524
    6.840286690  128.543514878   -1.293579493
    6.910823070  128.432983010   -1.216808879
    6.981359451  128.417069523    0.935224672
    7.051895831  128.585520953    3.712111601
    7.122432211  128.918430533    5.254309331
    7.192968592  129.294992863    5.368913909
    7.263504972  129.691751402    6.107481156
    7.334041352  130.194992751    8.730080264
    7.404577732  130.908299898   11.224096531
    7.475114113  131.742016187   11.575457527
    7.545650493  132.402981231    6.198777443
    7.616186873  132.584939221   -0.549314888
    7.686723254  132.411534521   -3.751341001
    7.757259634  132.158410360   -3.117634809
    7.827796014  132.046286893    0.527457695
    7.898332394  132.244771893   -9.427789487
    7.968868775  131.749879433   -1.944855397
    8.039405155  132.303344428   19.221112496
    8.109941535  134.275320364   31.007120978
    8.180477915  135.017444827  -27.119999164
    8.251014296  127.532985798 -206.036703376
    8.321550676  103.865936032 -468.606637065
    8.392087056   63.323991872 -647.736091171
    8.462623437   19.791718566 -519.874036212
    8.533159817    0.000000000   25.637680691
    8.603696197   30.448931714  863.120257439
    8.674232577  121.081989738 1671.571993849
    8.744768958  257.873407448 2130.426809970
    8.815305338  410.210550192 2112.186400202
    8.885841718  546.985357387 1721.225878192
    8.956378099  649.554878650 1181.765542704
    9.026914479  715.035905327  694.752519995
    9.097450859  751.056905474  352.808546531
    9.167987239  768.233581952  155.196536361
    9.238523620  775.345012861   59.127732681
    9.309060000  777.761200244    0.002016401
