#! FIELDS d_abs file.free der_d_abs
#! SET min_d_abs -0.707106
#! SET max_d_abs 9.30906
#! SET nbins_d_abs  143
#! SET periodic_d_abs false
   -0.707106000  548.872875103   -0.000000000
   -0.636569620  547.514405562  -34.010596261
   -0.566033239  543.389871363  -90.304225872
   -0.495496859  533.370229637 -206.430979079
   -0.424960479  512.158803795 -411.004590956
   -0.354424099  473.191787300 -707.243479592
   -0.283887718  411.336890302 -1045.794913881
   -0.213351338  327.310480593 -1313.186206573
   -0.142814958  230.911716251 -1377.370175223
   -0.072278577  139.504995921 -1169.947738690
   -0.001742197   70.929288242 -751.823382865
    0.068794183   34.301806905 -297.535953482
    0.139330563   25.485172763   12.980556470
    0.209866944   30.855174994  104.056409956
    0.280403324   36.309431696   33.582440063
    0.350939704   34.735443947  -74.947549206
    0.421476085   27.076431568 -129.559418174
    0.492012465   18.161532697 -114.011325106
    0.562548845   11.773401653  -65.400903214
    0.633085225    8.668439897  -27.039692166
    0.703621606    7.254259238  -17.652757197
    0.774157986    5.274827084  -31.458162293
    0.844694366    2.907879325  -33.988175369
    0.915230746    0.810446540  -22.928220127
    0.985767127    0.000000000    2.169215435
    1.056303507    1.276966891   34.007370936
    1.126839887    4.730519180   62.946141056
    1.197376268   10.003777554   85.656456851
    1.267912648   16.718025221  104.193058077
    1.338449028   24.686778569  121.618841870
    1.408985408   33.876650199  138.138489750
    1.479521789   44.044554089  148.496891075
    1.550058169   54.529950347  146.184775191
    1.620594549   64.281675091  128.014731684
    1.691130930   72.385174363  100.990550732
    1.761667310   78.582375746   75.747500365
    1.832203690   83.314019301   60.383542509
    1.902740070   87.384137825   56.407517885
    1.973276451   91.420859210   58.861688589
    2.043812831   95.618180510   59.310104678
    2.114349211   99.661584613   54.624853658
    2.184885592  103.213376973   45.055180298
    2.255421972  105.894275544   29.696098750
    2.325958352  107.151616684    3.665926182
    2.396494732  106.182814108  -32.353465761
    2.467031113  102.544879424  -70.322977387
    2.537567493   96.459954499  -99.459781992
    2.608103873   89.003141238 -107.876836227
    2.678640254   81.791640622  -93.122553421
    2.749176634   76.166715649  -64.912328985
    2.819713014   72.705055609  -33.448556015
    2.890249394   71.378741235   -5.336860448
    2.960785775   71.786670723   15.295316025
    3.031322155   73.271965455   24.794876537
    3.101858535   75.044221310   23.403231919
    3.172394915   76.353998598   13.035767743
    3.242931296   76.812058412    0.246908479
    3.313467676   76.492034654   -8.509360919
    3.384004056   75.709204564  -12.964075127
    3.454540437   74.732488951  -14.852081003
    3.525076817   73.606046640  -17.125378968
    3.595613197   72.290696509  -20.035120835
    3.666149577   70.834069011  -20.715997859
    3.736685958   69.434017024  -18.952549338
    3.807222338   68.221665210  -15.209852310
    3.877758718   67.295633329  -11.261069117
    3.948295099   66.608561262   -8.189167697
    4.018831479   66.202777801   -2.999098328
    4.089367859   66.279173576    5.353746385
    4.159904239   66.998411986   15.050146996
    4.230440620   68.373345416   23.530417057
    4.300977000   70.232469884   28.534548619
    4.371513380   72.342576802   30.757480888
    4.442049761   74.477328584   29.303712258
    4.512586141   76.445945515   26.163403639
    4.583122521   78.116491385   20.791011616
    4.653658901   79.289986676   12.154451708
    4.724195282   79.821445277    2.396795549
    4.794731662   79.665423192   -6.515033840
    4.865268042   78.981346372  -12.745626737
    4.935804423   77.928938101  -16.729130194
    5.006340803   76.670915576  -18.906676944
    5.076877183   75.310155767  -19.604413516
    5.147413563   73.944304397  -18.665920058
    5.217949944   72.757980998  -14.386593038
    5.288486324   71.992234394   -6.904701457
    5.359022704   71.769285691    0.177236572
    5.429559085   71.956843447    4.264732782
    5.500095465   72.280600749    4.670655829
    5.570631845   72.624204221    5.201497296
    5.641168225   73.046519361    7.000538462
    5.711704606   73.610384401    8.824867872
    5.782240986   74.251441318    8.559353088
    5.852777366   74.718222075    3.944942332
    5.923313746   74.777816660   -1.900135713
    5.993850127   74.507203534   -5.423806321
    6.064386507   74.110701472   -5.181349659
    6.134922887   73.871857610   -1.629042129
    6.205459268   73.880178833    1.856419661
    6.275995648   74.113956394    4.544441303
    6.346532028   74.538587910    7.776712441
    6.417068408   75.257899057   12.751235926
    6.487604789   76.394086318   19.381424072
    6.558141169   77.947359380   24.241761552
    6.628677549   79.691939830   23.506600910
    6.699213930   81.134556009   16.454291622
    6.769750310   81.889360468    4.748853102
    6.840286690   81.839471010   -5.402069643
    6.910823070   81.232626744  -10.648964509
    6.981359451   80.439226543  -11.427669725
    7.051895831   79.656014506  -10.909561998
    7.122432211   78.865836234  -12.052622758
    7.192968592   77.911506548  -15.013876215
    7.263504972   76.774425832  -16.856264365
    7.334041352   75.603081153  -15.495853870
    7.404577732   74.638043267  -11.632755807
    7.475114113   74.025999003   -5.714979280
    7.545650493   73.822299571   -0.085422325
    7.616186873   74.070081678    7.684405086
    7.686723254   74.917299621   15.841885007
    7.757259634   76.185758027   18.495607528
    7.827796014   77.319265566   12.329515166
    7.898332394   77.766737337   -8.402957181
    7.968868775   76.940990592  -11.105303156
    8.039405155   76.805391658   11.473697741
    8.109941535   78.843108108   44.764628253
    8.180477915   82.172769929   38.303920845
    8.251014296   82.168757018  -54.003380614
    8.321550676   72.886794962 -213.507928784
    8.392087056   53.063780316 -327.836873393
    8.462623437   31.329539382 -245.081529426
    8.533159817   24.966757003  107.690141735
    8.603696197   50.978425284  645.107373302
    8.674232577  115.320026709 1154.903136598
    8.744768958  208.283732120 1430.562892215
    8.815305338  309.714100820 1396.135456699
    8.885841718  399.627351037 1125.479037812
    8.956378099  466.417753772  766.249251767
    9.026914479  508.750418110  447.634170567
    9.097450859  531.897483626  225.962865552
    9.167987239  542.869395577   98.755636674
    9.238523620  547.380952781   37.288157095
    9.309060000  548.872875103   -0.000000000
