#! FIELDS d_abs file.free der_d_abs
#! SET min_d_abs -0.707106
#! SET max_d_abs 9.37216
#! SET nbins_d_abs  144
#! SET periodic_d_abs false
   -0.707106000  751.448286442   -0.000000000
   -0.636621622  750.011507957  -35.326901017
   -0.566137245  745.731031821  -93.938715580
   -0.495652867  735.319150409 -214.425870320
   -0.425168490  713.347726961 -426.073118248
   -0.354684112  672.978609729 -733.041836040
   -0.284199734  608.928134390 -1083.746185805
   -0.213715357  521.821587264 -1364.521087337
   -0.143230979  421.428923034 -1441.047337323
   -0.072746601  325.230648214 -1243.766754983
   -0.002262224  251.173382880 -834.754287510
    0.068222154  208.481013793 -386.823563979
    0.138706531  193.318062655  -76.295014349
    0.209190909  192.869133741   32.022820108
    0.279675287  194.545624297    2.117782018
    0.350159664  192.705445077  -49.130658810
    0.420644042  188.968688416  -45.841160682
    0.491128420  187.371512683    4.272554799
    0.561612797  189.447280031   49.521273208
    0.632097175  193.350730812   53.521910565
    0.702581552  196.087148402   20.302162622
    0.773065930  195.500974254  -27.855820041
    0.843550308  192.413302764  -58.649113328
    0.914034685  187.364302106  -84.490698099
    0.984519063  180.437461168 -113.236080487
    1.055003441  171.277219340 -146.847226165
    1.125487818  159.910553414 -173.290132896
    1.195972196  147.256484433 -182.479259303
    1.266456573  134.571678294 -175.736309060
    1.336940951  122.660353154 -161.905878117
    1.407425329  111.748263011 -147.730102813
    1.477909706  101.922571717 -130.424289848
    1.548394084   93.414223655 -110.771623270
    1.618878462   86.331792144  -90.814074832
    1.689362839   80.398806009  -79.336395028
    1.759847217   74.925939085  -77.099447028
    1.830331594   69.547101062  -74.384254516
    1.900815972   64.598668105  -64.815578567
    1.971300350   60.603452841  -47.569070987
    2.041784727   57.930278339  -29.052363143
    2.112269105   56.338258820  -17.068299318
    2.182753483   55.391448480  -10.429727399
    2.253237860   54.876169068   -4.235388856
    2.323722238   54.820019729    2.746893389
    2.394206615   55.219020749    7.614123713
    2.464690993   55.672208062    4.049259201
    2.535175371   55.729851931   -2.106071069
    2.605659748   55.484231090   -3.934804362
    2.676144126   55.333895050    0.515741693
    2.746628503   55.625275767    7.654787537
    2.817112881   56.306586719   10.993477712
    2.887597259   57.053077540    9.524770467
    2.958081636   57.537336159    4.088684884
    3.028566014   57.641653237   -1.098642146
    3.099050392   57.391271794   -6.193363128
    3.169534769   56.709069727  -13.261738429
    3.240019147   55.641540567  -16.164203873
    3.310503524   54.556042527  -14.014360089
    3.380987902   53.798127890   -7.104964351
    3.451472280   53.526089402   -1.050754185
    3.521956657   53.514840514    0.100461657
    3.592441035   53.414963708   -3.260138885
    3.662925413   53.017529737   -7.890514718
    3.733409790   52.387502354   -9.160137014
    3.803894168   51.794174840   -7.070782107
    3.874378545   51.398035297   -4.001060370
    3.944862923   51.218547868   -1.562428207
    4.015347301   51.124006648   -1.793094417
    4.085831678   50.946084757   -3.631213865
    4.156316056   50.613086532   -5.777240727
    4.226800434   50.120271405   -7.974439138
    4.297284811   49.537383209   -8.381242286
    4.367769189   48.945545949   -8.518782419
    4.438253566   48.342966549   -8.428388063
    4.508737944   47.762430957   -8.211455094
    4.579222322   47.128117310   -9.792220891
    4.649706699   46.433726807  -10.063116181
    4.720191077   45.745559814   -9.310983548
    4.790675455   45.165580745   -6.992487782
    4.861159832   44.751508624   -4.202436593
    4.931644210   44.552032168   -1.737790061
    5.002128587   44.429837142   -1.681760019
    5.072612965   44.276860192   -2.994372830
    5.143097343   44.014636313   -4.527021170
    5.213581720   43.663335728   -5.529763522
    5.284066098   43.252033243   -5.945750211
    5.354550476   42.807584004   -6.851851347
    5.425034853   42.284219174   -7.992677057
    5.495519231   41.696311949   -8.800362281
    5.566003608   41.043839785   -9.192752138
    5.636487986   40.409467889   -8.397999678
    5.706972364   39.866061453   -6.711689860
    5.777456741   39.461600989   -5.103528170
    5.847941119   39.140280049   -4.015961124
    5.918425497   38.905965870   -2.842489947
    5.988909874   38.763602059   -1.217800177
    6.059394252   38.777171218    1.472844277
    6.129878629   38.981450948    4.159417771
    6.200363007   39.301495744    4.643583552
    6.270847385   39.575634435    3.006931786
    6.341331762   39.681245254   -0.393016025
    6.411816140   39.497559817   -4.716534777
    6.482300517   39.042403300   -8.127599545
    6.552784895   38.364013943  -10.486542067
    6.623269273   37.594124911  -11.148031576
    6.693753650   36.816812795  -10.494636491
    6.764238028   36.133318406   -8.489801882
    6.834722406   35.628912443   -5.469787723
    6.905206783   35.344077594   -2.831905671
    6.975691161   35.190204642   -1.556141723
    7.046175538   35.083954851   -1.778330038
    7.116659916   34.951732236   -1.815213149
    7.187144294   34.844664153   -1.685112519
    7.257628671   34.678737609   -3.144670110
    7.328113049   34.371357076   -5.696897630
    7.398597427   33.888732654   -7.749655418
    7.469081804   33.289567012   -8.504584296
    7.539566182   32.767159167   -6.166549299
    7.610050559   32.453782422   -2.273648210
    7.680534937   32.519222753    4.543057578
    7.751019315   33.156987447   13.484415780
    7.821503692   34.287201219   16.990470540
    7.891988070   35.292375852    9.356062904
    7.962472448   35.257108787  -23.980863831
    8.032956825   32.857872496  -39.787601512
    8.103441203   30.538783121  -18.739144621
    8.173925580   31.026463054   35.027537823
    8.244409958   34.942953074   65.932730643
    8.314894336   38.093727648    4.457292776
    8.385378713   33.253584164 -150.946519462
    8.455863091   17.501134644 -274.580745766
    8.526347469    0.000000000 -169.357747026
    8.596831846    1.881940131  278.972833508
    8.667316224   45.341302262  976.632821351
    8.737800601  138.973978284 1649.853371882
    8.808284979  270.589545254 2017.526133749
    8.878769357  413.336437481 1965.583923483
    8.949253734  539.926262802 1587.523000902
    9.019738112  634.228319389 1084.845048372
    9.090222490  694.192468280  635.740464055
    9.160706867  727.093239823  322.299321898
    9.231191245  742.767228171  141.673815353
    9.301675622  749.256120058   54.078860646
    9.372160000  751.448286438    0.005089515
