#! FIELDS d_abs file.free der_d_abs
#! SET min_d_abs -0.707106
#! SET max_d_abs 9.35794
#! SET nbins_d_abs  144
#! SET periodic_d_abs false
   -0.707106000  591.203717835   -0.000000000
   -0.636721063  590.273429200  -23.743498808
   -0.566336126  587.383880935  -63.599517711
   -0.495951189  580.301484749 -146.772367125
   -0.425566252  565.225269754 -293.502712987
   -0.355181315  537.375540447 -507.800037070
   -0.284796378  492.929071573 -755.252250190
   -0.214411441  432.171242308 -954.782117748
   -0.144026503  362.066994260 -1005.355439855
   -0.073641566  295.589691794 -848.793341113
   -0.003256629  246.681543530 -520.793269503
    0.067128308  223.308429194 -149.227851945
    0.137513245  223.188246038  118.822116260
    0.207898182  235.667611576  204.723323820
    0.278283119  248.357918261  137.346231880
    0.348668056  253.645571148   11.977428244
    0.419052993  250.848266277  -81.305103927
    0.489437930  243.760270360 -109.883931321
    0.559822867  236.541680500  -90.396206565
    0.630207804  231.221851666  -62.378244423
    0.700592741  227.282202047  -53.520358531
    0.770977678  222.851368049  -70.356384269
    0.841362615  217.175568007  -92.001263371
    0.911747552  209.877932820 -114.041699191
    0.982132490  201.449317060 -122.767839045
    1.052517427  193.081170439 -111.695765141
    1.122902364  186.149723159  -82.994751219
    1.193287301  181.472775852  -51.203031035
    1.263672238  178.563487047  -35.566339915
    1.334057175  175.770286395  -48.671664112
    1.404442112  171.123937099  -86.025783898
    1.474827049  163.464571785 -131.430246927
    1.545211986  152.827296677 -168.156379975
    1.615596923  140.269753077 -184.683093579
    1.685981860  127.374024069 -177.786899826
    1.756366797  115.717687529 -150.297372575
    1.826751734  106.559290658 -108.608535548
    1.897136671  100.360913490  -69.643531864
    1.967521608   96.342711241  -48.439154146
    2.037906545   92.909147167  -53.057373398
    2.108291483   88.576206747  -69.840292351
    2.178676420   83.400689469  -73.605716141
    2.249061357   78.774895321  -54.045929855
    2.319446294   76.096588664  -21.181813367
    2.389831231   75.643901864    5.143660911
    2.460216168   76.213760839    5.826851944
    2.530601105   75.854185131  -19.631478052
    2.600986042   73.150078306  -57.626565059
    2.671370979   67.968934984  -86.364819456
    2.741755916   61.551062174  -91.724773344
    2.812140853   55.683662819  -70.773598474
    2.882525790   52.089168951  -28.808406923
    2.952910727   51.771133464   19.746944744
    3.023295664   54.663470925   59.399356039
    3.093680601   59.562894383   74.889695818
    3.164065538   64.512464856   61.639178335
    3.234450476   67.846770428   31.652715122
    3.304835413   68.944455622    0.673760906
    3.375220350   68.328669815  -15.246496201
    3.445605287   67.212646755  -13.915929179
    3.515990224   66.611971337   -2.343224572
    3.586375161   66.844577867    7.747801513
    3.656760098   67.527810240   10.229001416
    3.727145035   68.096738821    5.318543423
    3.797529972   68.304986764    0.829220883
    3.867914909   68.307274195   -0.732781690
    3.938299846   68.271724318   -0.069234231
    4.008684783   68.302708324    0.956914807
    4.079069720   68.383157959    1.330307814
    4.149454657   68.483822658    1.540441681
    4.219839594   68.558059289    0.568097093
    4.290224531   68.508423622   -2.318779266
    4.360609469   68.154102822   -8.073935386
    4.430994406   67.380891689  -13.740840100
    4.501379343   66.308882056  -16.214197672
    4.571764280   65.187687592  -14.876736649
    4.642149217   64.234500030  -12.147441911
    4.712534154   63.407648500  -11.621724367
    4.782919091   62.571941128  -12.297642379
    4.853304028   61.687684257  -12.343143459
    4.923688965   60.909433130   -9.335001294
    4.994073902   60.422915474   -4.796315323
    5.064458839   60.234380172   -1.512550228
    5.134843776   60.087987674   -3.385437980
    5.205228713   59.724425843   -6.958627891
    5.275613650   59.109490549  -10.319218106
    5.345998587   58.292430502  -12.739656694
    5.416383524   57.335627130  -14.044833197
    5.486768462   56.377709995  -13.009267015
    5.557153399   55.583842181   -8.836536125
    5.627538336   55.174915958   -3.035067154
    5.697923273   55.136920833    1.576501402
    5.768308210   55.286009346    2.257150060
    5.838693147   55.393458711    0.318719059
    5.909078084   55.323570148   -2.007430025
    5.979463021   55.122887462   -3.521970246
    6.049847958   54.839236795   -4.792167940
    6.120232895   54.418576807   -7.283460554
    6.190617832   53.826098211   -9.608015250
    6.261002769   53.106454349  -10.561296377
    6.331387706   52.339873774  -10.654732871
    6.401772643   51.684973630   -8.048126399
    6.472157580   51.245975998   -4.529635566
    6.542542517   51.052714560   -0.999224182
    6.612927455   51.073366623    1.633251661
    6.683312392   51.232951206    2.618212624
    6.753697329   51.403841991    2.424707034
    6.824082266   51.577673302    2.963008233
    6.894467203   51.829392701    4.102748280
    6.964852140   52.180762243    5.759216474
    7.035237077   52.617038622    6.079784688
    7.105622014   53.008662610    4.958790562
    7.176006951   53.291098856    3.261085885
    7.246391888   53.487489360    2.457382841
    7.316776825   53.727877425    4.799344621
    7.387161762   54.203588537    8.675842799
    7.457546699   54.920049720   10.885929050
    7.527931636   55.606841455    7.793103747
    7.598316573   55.906308398   -0.070402979
    7.668701510   55.560289702   -9.932912393
    7.739086448   54.539394818  -18.349083115
    7.809471385   53.071468189  -23.300045050
    7.879856322   51.312485525  -26.241761270
    7.950241259   49.359003467  -38.116741872
    8.020626196   46.807854716  -31.029051181
    8.091011133   45.503793164   -2.869627820
    8.161396070   46.610236024   32.611032550
    8.231781007   49.197996074   30.159129717
    8.302165944   48.888031244  -54.053164408
    8.372550881   40.022386163 -202.066638444
    8.442935818   21.517858035 -302.747814879
    8.513320755    2.226339494 -200.813747213
    8.583705692    0.000000000  182.657297107
    8.654090629   32.613010329  760.002884518
    8.724475566  106.298850872 1307.596048095
    8.794860503  210.641168464 1602.710464095
    8.865245441  323.842207129 1559.939711060
    8.935630378  424.089010143 1258.001550059
    9.006015315  498.680992908  858.819108163
    9.076400252  546.057212249  502.270787575
    9.146785189  572.011390852  254.406815594
    9.217170126  584.366782946  111.930356867
    9.287555063  589.485235449   42.575480614
    9.357940000  591.203717835   -0.000000000
