#! FIELDS d_abs file.free der_d_abs
#! SET min_d_abs -0.707106
#! SET max_d_abs 9.35794
#! SET nbins_d_abs  144
#! SET periodic_d_abs false
   -0.707106000  844.745869568   -0.001759028
   -0.636721063  842.858675929  -46.578365898
   -0.566336126  837.256191436 -122.638908760
   -0.495951189  823.692554266 -279.667156770
   -0.425566252  795.131654508 -553.352083199
   -0.355181315  742.933144650 -947.013324136
   -0.284796378  660.548938155 -1391.829915512
   -0.214411441  549.371770236 -1734.928382705
   -0.144026503  422.984811141 -1797.972203831
   -0.073641566  305.047684617 -1493.469666260
   -0.003256629  219.415944890 -910.268409155
    0.067128308  177.809327550 -288.673809506
    0.137513245  173.777685987  125.148912889
    0.207898182  188.084260791  233.041555979
    0.278283119  201.440335518  124.649378354
    0.348668056  204.711655230  -24.907661279
    0.419052993  200.040707649  -89.169214893
    0.489437930  194.474801466  -57.417854290
    0.559822867  192.772248262    8.373634586
    0.630207804  194.901981848   44.004653520
    0.700592741  197.809442763   32.304287266
    0.770977678  198.357920606   -6.146209941
    0.841362615  197.324906609  -19.986227858
    0.911747552  196.073964588  -11.383107192
    0.982132490  196.184255679   16.209832661
    1.052517427  198.447601888   47.227794039
    1.122902364  202.611367355   68.959893873
    1.193287301  207.732106066   72.836610706
    1.263672238  212.386550397   56.006251968
    1.334057175  215.201445132   22.023229075
    1.404442112  215.356330618  -17.296245269
    1.474827049  212.903405779  -50.709872876
    1.545211986  208.482293220  -72.740062105
    1.615596923  202.968403191  -81.721372338
    1.685981860  197.231158309  -79.551439872
    1.756366797  191.981713949  -67.875969228
    1.826751734  187.927466701  -45.873425461
    1.897136671  185.577909945  -21.455349042
    1.967521608  184.793637045   -2.369085946
    2.037906545  184.906110548    3.098660083
    2.108291483  184.982884923   -1.476511060
    2.178676420  184.754543407   -4.244258472
    2.249061357  184.500741347   -2.146417520
    2.319446294  184.487330851    2.144812789
    2.389831231  184.814082448    6.787820604
    2.460216168  185.404692294    9.520001196
    2.530601105  186.178181729   12.570386094
    2.600986042  187.174946247   15.645455177
    2.671370979  188.377281127   18.365937160
    2.741755916  189.663567743   17.033588409
    2.812140853  190.627365863    9.452311692
    2.882525790  190.924207086   -1.123753427
    2.952910727  190.456782625  -11.568278847
    3.023295664  189.395940408  -18.087114106
    3.093680601  187.981001739  -21.896046537
    3.164065538  186.345240790  -23.944849271
    3.234450476  184.728424659  -21.200769919
    3.304835413  183.431893200  -15.310676065
    3.375220350  182.675197077   -6.157862077
    3.445605287  182.529433541    1.463930638
    3.515990224  182.779946176    4.864351674
    3.586375161  183.084328481    2.864416539
    3.656760098  183.128027099   -1.841777273
    3.727145035  182.816735480   -6.549042813
    3.797529972  182.332165362   -6.733394914
    3.867914909  181.944076461   -4.736756261
    3.938299846  181.643323188   -4.224292713
    4.008684783  181.293151035   -5.878577522
    4.079069720  180.807445998   -7.562045909
    4.149454657  180.298984115   -6.151462760
    4.219839594  179.997959616   -1.763533192
    4.290224531  180.062095733    3.381201332
    4.360609469  180.375267495    4.825513682
    4.430994406  180.660932172    2.676981778
    4.501379343  180.740695938   -0.533758690
    4.571764280  180.613955484   -2.451389659
    4.642149217  180.430150178   -2.384292715
    4.712534154  180.267532481   -2.040318533
    4.782919091  180.162259993   -0.939986320
    4.853304028  180.136474390    0.458223835
    4.923688965  180.254454236    2.949647985
    4.994073902  180.558751581    5.237765360
    5.064458839  180.992161545    6.275678246
    5.134843776  181.358403046    3.660418566
    5.205228713  181.510867947    0.830633305
    5.275613650  181.479589129   -1.648357056
    5.345998587  181.265498656   -4.606113128
    5.416383524  180.805801475   -8.349348259
    5.486768462  180.121674459  -11.099813012
    5.557153399  179.315961542  -11.013468456
    5.627538336  178.627181770   -8.650522159
    5.697923273  178.097087351   -6.642922171
    5.768308210  177.602273672   -7.657944605
    5.838693147  176.982612148  -10.234099327
    5.909078084  176.195622103  -11.525328576
    5.979463021  175.417856051  -10.121349713
    6.049847958  174.813671895   -7.141732936
    6.120232895  174.390780655   -5.065434917
    6.190617832  174.087219560   -3.859208041
    6.261002769  173.844743612   -3.100688029
    6.331387706  173.617414586   -3.022806559
    6.401772643  173.475761767   -1.248310443
    6.472157580  173.472848275    0.994728176
    6.542542517  173.610742829    2.782589040
    6.612927455  173.830773747    3.502709659
    6.683312392  174.055265160    2.632539059
    6.753697329  174.177413035    1.083348483
    6.824082266  174.223308071    0.681698566
    6.894467203  174.285674334    1.001363094
    6.964852140  174.388915301    1.829494575
    7.035237077  174.521595146    1.421325748
    7.105622014  174.570351910   -0.052384572
    7.176006951  174.494347947   -1.932418585
    7.246391888  174.310700976   -3.229804209
    7.316776825  174.118343687   -1.828259061
    7.387161762  174.092317932    1.060534054
    7.457546699  174.242516948    2.533756817
    7.527931636  174.343307366   -0.284334312
    7.598316573  174.127880868   -6.253643823
    7.668701510  173.510317633  -10.554570262
    7.739086448  172.833602840   -6.800877508
    7.809471385  172.787904235    6.262241940
    7.879856322  173.805380080   22.793883085
    7.950241259  175.774238048   15.985314950
    8.020626196  176.786027849   12.373939239
    8.091011133  177.442229584    4.924963680
    8.161396070  177.008086164  -24.147160704
    8.231781007  172.380784342 -123.646125774
    8.302165944  156.948602993 -333.360941788
    8.372550881  123.854345286 -607.024602561
    8.442935818   73.998325528 -772.077146708
    8.513320755   23.150386179 -601.327208826
    8.583705692    0.000000000   14.192137326
    8.654090629   32.487981899  934.674089573
    8.724475566  130.676972258 1816.460549826
    8.794860503  279.062870227 2316.758019764
    8.865245441  444.429833675 2298.693603384
    8.935630378  593.040855085 1875.433264187
    9.006015315  704.680783133 1290.528521700
    9.076400252  776.077183569  759.508412835
    9.146785189  815.413425953  386.657737088
    9.217170126  834.228418835  170.873371276
    9.287555063  842.058560374   65.433551007
    9.357940000  844.745869561    0.005496702
