#! FIELDS d_abs file.free der_d_abs
#! SET min_d_abs -0.707107
#! SET max_d_abs 9.30641
#! SET nbins_d_abs  143
#! SET periodic_d_abs false
   -0.707107000  756.495058244   -0.000000000
   -0.636589275  754.172790594  -56.952066351
   -0.566071549  747.325196329 -149.550585112
   -0.495553824  730.793303113 -339.637305553
   -0.425036099  696.110389123 -669.402111500
   -0.354518373  633.009046787 -1139.720417865
   -0.284000648  534.091841565 -1660.974571408
   -0.213482923  402.037884466 -2041.645097730
   -0.142965197  254.610100364 -2066.095999676
   -0.072447472  121.578147432 -1633.637530216
   -0.001929746   32.222419014 -866.884699893
    0.068587979    0.000000000  -71.463982526
    0.139105704   15.493652859  447.224322717
    0.209623430   53.596594918  571.020424101
    0.280141155   89.204870685  408.443900374
    0.350658880  109.546125797  172.778975394
    0.421176606  115.600460001   18.751862368
    0.491694331  114.837813135  -25.479334481
    0.562212056  113.354414631  -12.924241241
    0.632729782  112.996516532    0.239418220
    0.703247507  113.037512040   -0.942891947
    0.773765232  112.015413628  -12.611487893
    0.844282958  111.482313047   -2.473270826
    0.914800683  111.668360740    7.387051796
    0.985318408  112.331121738    9.886493886
    1.055836134  112.848551737    3.775525339
    1.126353859  112.801931269   -4.946731732
    1.196871585  112.247002765  -10.381759608
    1.267389310  111.321623661  -16.014928369
    1.337907035  109.929052355  -23.847909225
    1.408424761  107.950309586  -31.699203991
    1.478942486  105.613332079  -33.084065191
    1.549460211  103.498835396  -25.608224687
    1.619977937  102.077205851  -15.133278081
    1.690495662  101.122987375  -13.534923295
    1.761013387   99.942749917  -20.807233957
    1.831531113   98.181080211  -28.120966425
    1.902048838   96.224465863  -25.127091608
    1.972566563   94.973231777   -8.970713719
    2.043084289   95.006647815    9.427027424
    2.113602014   96.145599976   21.293686027
    2.184119739   97.734995745   22.203699834
    2.254637465   99.131596901   16.318786191
    2.325155190  100.046855162    9.789509292
    2.395672915  100.510018418    3.144152355
    2.466190641  100.499773695   -3.687315573
    2.536708366   99.954895999  -11.577345600
    2.607226092   98.972918893  -15.463341308
    2.677743817   97.954862819  -12.194492392
    2.748261542   97.363969953   -4.074519224
    2.818779268   97.345645205    2.909152839
    2.889296993   97.703953282    6.725187164
    2.959814718   98.221787459    7.745322561
    3.030332444   98.771790037    7.603224877
    3.100850169   99.246958218    5.770102044
    3.171367894   99.574823704    3.408949445
    3.241885620   99.697991227    0.108833968
    3.312403345   99.635931281   -1.611798190
    3.382921070   99.486445514   -2.425101966
    3.453438796   99.290834739   -3.140395141
    3.523956521   99.066956365   -3.326500578
    3.594474246   98.779736838   -4.865339467
    3.664991972   98.400343067   -5.423018355
    3.735509697   98.065950871   -3.777881925
    3.806027423   97.917337148   -0.429247473
    3.876545148   97.973768309    1.791087757
    3.947062873   98.113877275    2.060766026
    4.017580599   98.290144990    2.837390489
    4.088098324   98.549684106    4.523133707
    4.158616049   98.919951441    5.956878256
    4.229133775   99.343723267    5.903389770
    4.299651500   99.723504053    4.708313112
    4.370169225  100.006611164    3.261741045
    4.440686951  100.200347328    2.227827847
    4.511204676  100.352732936    2.181322069
    4.581722401  100.496142904    1.610480953
    4.652240127  100.581335277    0.572080500
    4.722757852  100.606987542    0.179557012
    4.793275577  100.606593104    0.255345879
    4.863793303  100.654664467    1.352490080
    4.934311028  100.776097200    1.919774725
    5.004828754  100.885333174    0.541735870
    5.075346479  100.845498752   -1.351476683
    5.145864204  100.707998302   -2.336208642
    5.216381930  100.581412709   -1.450915665
    5.286899655  100.518838828   -0.146784899
    5.357417380  100.577221674    1.748727000
    5.427935106  100.737634958    2.493001098
    5.498452831  100.926562493    2.673685436
    5.568970556  101.100244252    2.315900167
    5.639488282  101.239129336    1.406984191
    5.710006007  101.293150320   -0.035227390
    5.780523732  101.225444537   -1.713489264
    5.851041458  101.073752758   -2.680902496
    5.921559183  100.905047270   -2.019168498
    5.992076908  100.761534495   -2.626171591
    6.062594634  100.542335925   -3.635818821
    6.133112359  100.238617391   -5.042715720
    6.203630085   99.865644306   -5.351664394
    6.274147810   99.532907992   -3.658687954
    6.344665535   99.337549974   -1.567989665
    6.415183261   99.288524183   -0.076497624
    6.485700986   99.290332821   -0.222045375
    6.556218711   99.225242768   -2.002181451
    6.626736437   98.983736729   -4.835900526
    6.697254162   98.556915663   -6.871374900
    6.767771887   98.026905575   -7.851359070
    6.838289613   97.473615667   -7.362570917
    6.908807338   97.016688809   -5.367842731
    6.979325063   96.738334820   -2.485515074
    7.049842789   96.654642206   -0.241022651
    7.120360514   96.672500056    0.246112909
    7.190878239   96.652880386   -0.828328000
    7.261395965   96.566410518   -1.860368316
    7.331913690   96.445386547   -1.765039295
    7.402431415   96.284486575   -3.266296538
    7.472949141   95.990786542   -5.093367692
    7.543466866   95.520115884   -7.949627875
    7.613984592   94.961565496   -7.053551890
    7.684502317   94.676879644   -0.302498483
    7.755020042   94.905453717    5.978817481
    7.825537768   95.329532775    4.488598373
    7.896055493   95.207080880  -21.844581672
    7.966573218   93.085151406  -35.098120471
    8.037090944   91.003509727  -17.265688694
    8.107608669   91.411104801   31.446468698
    8.178126394   95.045226592   62.959652786
    8.248644120   98.310681450   12.273202180
    8.319161845   94.615725845 -125.958605957
    8.389679570   81.046727061 -240.009432379
    8.460197296   65.616872855 -149.656996136
    8.530715021   67.472388200  254.135297099
    8.601232746  107.089305346  890.701857795
    8.671750472  192.693822955 1509.933417308
    8.742268197  313.394683639 1851.969287614
    8.812785923  444.641564949 1808.228156602
    8.883303648  561.240197133 1462.773735172
    8.953821373  648.220355339 1000.599740566
    9.024339099  703.578968194  586.799754608
    9.094856824  733.975060159  297.631389777
    9.165374549  748.462308619  131.011771932
    9.235892275  754.462675901   49.895458478
    9.306410000  756.495058244   -0.000000000
