#! FIELDS d_abs file.free der_d_abs
#! SET min_d_abs -0.707107
#! SET max_d_abs 9.30641
#! SET nbins_d_abs  143
#! SET periodic_d_abs false
   -0.707107000  768.379574911   -0.000000000
   -0.636589275  766.057307261  -56.952066351
   -0.566071549  759.209712995 -149.550585112
   -0.495553824  742.677819780 -339.637305553
   -0.425036099  707.994898572 -669.402566190
   -0.354518373  644.890705205 -1139.905113092
   -0.284000648  545.907559441 -1663.056752549
   -0.213482923  413.565772669 -2048.292350759
   -0.142965197  265.372738779 -2082.274127019
   -0.072447472  130.625873682 -1667.751736086
   -0.001929746   37.920669372 -929.548145726
    0.068587979    0.000000000 -171.342468676
    0.139105704    7.105789711  310.343844280
    0.209623430   34.635112570  411.746641750
    0.280141155   59.019247265  254.744369456
    0.350658880   69.652951954   55.826113146
    0.421176606   69.392731691  -41.712654621
    0.491694331   66.388249230  -30.609341017
    0.562212056   65.952430840   17.661410446
    0.632729782   68.238378848   40.524895899
    0.703247507   70.853849317   29.494333275
    0.773765232   71.375137526    0.446944469
    0.844282958   71.203511736   -4.327727026
    0.914800683   70.935357780   -2.350964674
    0.985318408   70.854178112   -0.332055328
    1.055836134   70.810742743   -1.160919130
    1.126353859   70.702972330   -1.326932135
    1.196871585   70.754931567    3.191526569
    1.267389310   71.091493131    5.638279169
    1.337907035   71.398440243    2.027311704
    1.408424761   71.288892079   -4.943896292
    1.478942486   70.837627074   -6.171367516
    1.549460211   70.698734839    4.198143662
    1.619977937   71.616255063   22.202047560
    1.690495662   73.673840831   34.862774764
    1.761013387   76.293957006   38.009217732
    1.831531113   78.886636692   35.177177663
    1.902048838   81.275194554   33.072156788
    1.972566563   83.659012444   34.517492513
    2.043084289   86.050286063   32.288327608
    2.113602014   88.058124958   23.590404110
    2.184119739   89.239643043    9.668647649
    2.254637465   89.493081432   -1.963412738
    2.325155190   89.180355031   -5.509372868
    2.395672915   88.838435221   -3.891933945
    2.466190641   88.652590476   -1.919950120
    2.536708366   88.453231063   -4.325689791
    2.607226092   88.026170521   -7.827196768
    2.677743817   87.426285521   -8.545197296
    2.748261542   86.882448259   -6.506821062
    2.818779268   86.484387236   -5.181407243
    2.889296993   86.130863529   -4.954139916
    2.959814718   85.772302424   -5.035820676
    3.030332444   85.441617588   -4.333965492
    3.100850169   85.138691125   -4.266277127
    3.171367894   84.835447545   -4.456495765
    3.241885620   84.478541993   -5.647741645
    3.312403345   84.085318160   -5.227283246
    3.382921070   83.759937015   -3.770993898
    3.453438796   83.550968983   -2.204000380
    3.523956521   83.462862520   -0.550066738
    3.594474246   83.408137878   -1.266377944
    3.664991972   83.271414418   -2.364412600
    3.735509697   83.093935762   -2.574388339
    3.806027423   82.937366767   -1.933783231
    3.876545148   82.786535223   -2.536379840
    3.947062873   82.537983132   -4.484929720
    4.017580599   82.205271813   -4.837699263
    4.088098324   81.921433364   -3.028068850
    4.158616049   81.795745339   -0.408849944
    4.229133775   81.829852623    1.237682975
    4.299651500   81.935638406    1.512484253
    4.370169225   82.024870048    0.827021167
    4.440686951   82.051509071   -0.160754819
    4.511204676   82.029974155   -0.342988053
    4.581722401   82.000103101   -0.683516316
    4.652240127   81.948545342   -0.923635419
    4.722757852   81.907666251   -0.210399420
    4.793275577   81.913696927    0.753752470
    4.863793303   82.015443554    2.305221498
    4.934311028   82.211750857    3.066981613
    5.004828754   82.410115972    1.949300382
    5.075346479   82.487564057    0.626256581
    5.145864204   82.516353245    0.425874615
    5.216381930   82.610768387    2.019622737
    5.286899655   82.807209268    3.650713167
    5.357417380   83.129615476    5.332925342
    5.427935106   83.518309998    5.311484164
    5.498452831   83.868497171    4.369795341
    5.568970556   84.118607548    2.787963076
    5.639488282   84.249246283    0.723255799
    5.710006007   84.220317866   -1.659695749
    5.780523732   84.014552099   -3.941492318
    5.851041458   83.698410431   -5.009881267
    5.921559183   83.378930207   -3.867797181
    5.992076908   83.135902328   -3.530458630
    6.062594634   82.890057835   -3.519984489
    6.133112359   82.616791367   -4.426657561
    6.203630085   82.281054410   -5.050647960
    6.274147810   81.942064221   -4.190501329
    6.344665535   81.682390036   -2.766115007
    6.415183261   81.551382720   -1.006097319
    6.485700986   81.535890398    0.439275291
    6.556218711   81.604336558    1.235418896
    6.626736437   81.686900702    1.013947547
    6.697254162   81.736078784    0.522392285
    6.767771887   81.731109369   -0.659616184
    6.838289613   81.629602439   -1.941147776
    6.908807338   81.470696451   -2.344084983
    6.979325063   81.334458225   -1.295204138
    7.049842789   81.309281384    0.485669625
    7.120360514   81.405482105    1.929977950
    7.190878239   81.560171126    2.471642486
    7.261395965   81.759505769    2.845863132
    7.331913690   81.993789412    3.418114731
    7.402431415   82.182890005    1.326829953
    7.472949141   82.171227882   -1.745343564
    7.543466866   81.890607178   -5.870179873
    7.613984592   81.450915194   -5.516569559
    7.684502317   81.303799767    2.298373912
    7.755020042   81.777292299   10.257870620
    7.825537768   82.519988867    8.728978617
    7.896055493   82.579330139  -21.705169414
    7.966573218   80.200957541  -42.919542493
    8.037090944   77.284624503  -32.440557019
    8.107608669   76.573533642   16.783605281
    8.178126394   79.568998511   61.782123772
    8.248644120   83.578307143   35.858088447
    8.319161845   82.525950602  -75.131876657
    8.389679570   73.281928183 -170.310241149
    8.460197296   63.003948974  -75.844087574
    8.530715021   69.790846366  318.317841332
    8.601232746  113.352512959  937.797905710
    8.671750472  201.648606331 1539.584697887
    8.742268197  323.935836735 1868.139466094
    8.812785923  455.995758441 1815.901667204
    8.883303648  572.957423780 1465.921530121
    8.953821373  660.073759514 1001.574915291
    9.024339099  715.462321899  586.881601961
    9.094856824  745.859576825  297.631389777
    9.165374549  760.346825285  131.011771932
    9.235892275  766.347192567   49.895458478
    9.306410000  768.379574911   -0.000000000
