#! FIELDS d_abs file.free der_d_abs
#! SET min_d_abs -0.707107
#! SET max_d_abs 9.32645
#! SET nbins_d_abs  143
#! SET periodic_d_abs false
   -0.707107000  602.833065881   -0.000000000
   -0.636448148  601.185630407  -40.957630032
   -0.565789296  596.240973085 -107.866527517
   -0.495130444  584.257639069 -246.148861702
   -0.424471592  559.013961762 -487.173577242
   -0.353812739  512.880600131 -833.282076362
   -0.283153887  440.228850488 -1220.532669919
   -0.212495035  342.599434977 -1513.043797755
   -0.141836183  232.411404415 -1553.382769749
   -0.071177331  130.857091472 -1269.215657497
   -0.000518479   58.684077546 -750.324090187
    0.070140373   25.189747804 -215.673571734
    0.140799225   23.363252777  119.344235340
    0.211458077   35.561213518  184.542841745
    0.282116930   45.156745570   70.329323285
    0.352775782   45.034952268  -66.232737613
    0.423434634   37.737158262 -124.332384480
    0.494093486   29.367174688 -103.484507476
    0.564752338   23.658445174  -58.661534693
    0.635411190   20.630963865  -31.035187836
    0.706070042   18.806177551  -22.566180428
    0.776728894   16.735606600  -25.086591354
    0.847387746   15.260733522  -18.156500927
    0.918046599   13.896041769  -22.694571957
    0.988705451   11.739924731  -39.785878647
    1.059364303    8.232438334  -58.040675531
    1.130023155    4.031628131  -56.808728276
    1.200682007    0.806296757  -30.613062934
    1.271340859    0.000000000    8.733420072
    1.341999711    1.921486460   43.680864360
    1.412658563    5.827695886   65.054520963
    1.483317415   10.918812621   78.319795841
    1.553976268   16.792753487   87.797756316
    1.624635120   23.233514056   92.701129948
    1.695293972   29.559534587   84.321187976
    1.765952824   34.874364449   64.403549726
    1.836611676   38.576852223   40.428113142
    1.907270528   40.676313256   20.388683043
    1.977929380   41.699057287    9.935049028
    2.048588232   42.278478229    7.681226560
    2.119247085   42.955380866   12.849844199
    2.189905937   44.266763191   25.783225582
    2.260564789   46.760520597   44.704498785
    2.331223641   50.523873550   60.424892071
    2.401882493   54.930765722   61.555714664
    2.472541345   58.801383463   46.162403194
    2.543200197   61.359231831   26.668746461
    2.613859049   62.807185765   16.551894078
    2.684517901   64.006307574   19.821915554
    2.755176754   65.704927223   27.916102079
    2.825835606   67.723166581   26.967469206
    2.896494458   69.241150094   14.047567580
    2.967153310   69.526552104   -6.220408601
    3.037812162   68.524855129  -20.504329169
    3.108471014   66.965313268  -21.028603709
    3.179129866   65.784336585  -11.501235649
    3.249788718   65.354912995   -1.183985046
    3.320447570   65.519577335    5.385484277
    3.391106423   66.007252748    7.393737366
    3.461765275   66.514275338    6.705324252
    3.532424127   66.906046697    4.290783492
    3.603082979   67.061842713   -0.184470211
    3.673741831   66.867221696   -5.403712132
    3.744400683   66.383068235   -7.577922424
    3.815059535   65.885434072   -5.525860327
    3.885718387   65.652069881   -0.956956490
    3.956377239   65.688634961    1.416269700
    4.027036092   65.762991157   -0.240077496
    4.097694944   65.639575512   -3.024067900
    4.168353796   65.363079598   -4.063208853
    4.239012648   65.177143790   -0.282965061
    4.309671500   65.418962943    7.008954023
    4.380330352   66.168181820   13.773218081
    4.450989204   67.301631125   17.631363932
    4.521648056   68.580489710   17.740660425
    4.592306908   69.730380274   13.898442490
    4.662965761   70.471156947    6.423520455
    4.733624613   70.591242054   -3.299191796
    4.804283465   69.955877099  -14.229372669
    4.874942317   68.707898520  -20.227356674
    4.945601169   67.187164341  -22.068011877
    5.016260021   65.682793351  -20.345063953
    5.086918873   64.338667698  -18.133565569
    5.157577725   63.081281459  -17.744852024
    5.228236577   61.821155694  -18.014416115
    5.298895430   60.523176427  -18.521065198
    5.369554282   59.211460109  -18.589232370
    5.440213134   57.891841257  -18.679298801
    5.510871986   56.541793624  -20.021078752
    5.581530838   55.015167962  -23.268214101
    5.652189690   53.280197145  -25.082358692
    5.722848542   51.555319773  -23.216201732
    5.793507394   50.080083825  -18.327556343
    5.864166246   48.948553583  -14.064159518
    5.934825099   48.057647503  -11.703291234
    6.005483951   47.265686083  -11.140927102
    6.076142803   46.504014810  -10.051234557
    6.146801655   45.895437547   -6.821615568
    6.217460507   45.542141367   -2.634597357
    6.288119359   45.485490481    0.310747458
    6.358778211   45.508088469   -0.163826571
    6.429437063   45.417942434   -2.802843271
    6.500095915   45.115714872   -6.101837211
    6.570754768   44.603524166   -7.840024120
    6.641413620   44.048676043   -7.907075396
    6.712072472   43.536198065   -6.205586399
    6.782731324   43.207325505   -3.133085409
    6.853390176   43.160262873    2.037334037
    6.924049028   43.441845597    5.536634162
    6.994707880   43.897487501    6.958261166
    7.065366732   44.377342541    6.880880981
    7.136025585   44.845728540    6.120765999
    7.206684437   45.217913780    3.940130736
    7.277343289   45.349766720   -0.564377649
    7.348002141   45.112865928   -6.589926618
    7.418660993   44.410373250  -12.704940597
    7.489319845   43.393788718  -15.254905776
    7.559978697   42.353947781  -13.469562219
    7.630637549   41.590943344   -6.661710751
    7.701296401   41.474448912    3.219076062
    7.771955254   41.928465740    7.892957983
    7.842614106   42.295476340    0.374503018
    7.913272958   41.697537187  -28.630734748
    7.983931810   38.947528883  -46.072498039
    8.054590662   35.861750382  -35.329142977
    8.125249514   34.720183089    6.450267185
    8.195908366   36.710245082   45.032193899
    8.266567218   39.828411966   31.510274323
    8.337226070   39.641564378  -43.168423780
    8.407884923   34.056830595 -101.623263947
    8.478543775   28.815600057  -11.817940346
    8.549202627   37.899630620  306.974130805
    8.619861479   76.271113411  793.599712104
    8.690520331  149.551809899 1258.564195336
    8.761179183  248.849015354 1503.740152881
    8.831838035  354.904383027 1450.240782340
    8.902496887  448.251659728 1164.544324828
    8.973155739  517.459920275  792.262398079
    9.043814592  561.265227049  462.310118080
    9.114473444  585.214844457  233.476509163
    9.185132296  596.580483325  102.341447527
    9.255791148  601.269039875   38.827147056
    9.326450000  602.833065857    0.013283311
