#! FIELDS d_abs file.free der_d_abs
#! SET min_d_abs -0.707107
#! SET max_d_abs 9.32645
#! SET nbins_d_abs  143
#! SET periodic_d_abs false
   -0.707107000  579.313728980   -0.000000000
   -0.636448148  577.666293506  -40.957630032
   -0.565789296  572.721636185 -107.866527517
   -0.495130444  560.738302168 -246.148861702
   -0.424471592  535.494624861 -487.173577242
   -0.353812739  489.361263230 -833.282076362
   -0.283153887  416.709513587 -1220.532669919
   -0.212495035  319.080098076 -1513.043797755
   -0.141836183  208.892067514 -1553.382769749
   -0.071177331  107.338038200 -1269.204099309
   -0.000518479   35.169434571 -750.174308007
    0.070140373    1.705182130 -214.806538432
    0.140799225    0.000000000  122.187540103
    0.211458077   12.527381265  191.507493546
    0.282116930   22.865812303   85.144234169
    0.352775782   24.211579468  -38.647439451
    0.423434634   19.459271664  -79.233873239
    0.494093486   14.963041214  -39.015237549
    0.564752338   14.402826508   21.423691714
    0.635411190   17.304359175   54.619976937
    0.706070042   21.337316031   55.392996369
    0.776728894   24.169593641   34.462631967
    0.847387746   26.121625811   19.386436364
    0.918046599   26.732185614   -3.207247147
    0.988705451   25.541476777  -30.572529452
    1.059364303   22.542944840  -51.885916738
    1.130023155   18.795025370  -49.795555920
    1.200682007   16.118762887  -22.259850972
    1.271340859   15.885301863   15.928034574
    1.341999711   18.118937988   44.120648281
    1.412658563   21.581012098   50.595617874
    1.483317415   24.890453772   41.388141243
    1.553976268   27.266066020   25.965566251
    1.624635120   28.605621587   11.850242492
    1.695293972   28.915265947   -2.679109241
    1.765952824   28.286084588  -14.746640019
    1.836611676   26.975157418  -21.289036687
    1.907270528   25.436824616  -20.841483376
    1.977929380   24.215855736  -12.915170901
    2.048588232   23.725232107   -0.213988686
    2.119247085   24.321251590   18.466809973
    2.189905937   26.537486047   46.124597611
    2.260564789   31.039438478   81.319036488
    2.331223641   37.936152184  111.796020974
    2.401882493   46.296773901  120.371656149
    2.472541345   54.227572340   99.928537510
    2.543200197   60.010092468   62.366724671
    2.613859049   63.119592251   27.718799726
    2.684517901   64.354756503   11.549019508
    2.755176754   65.222282655   15.847391240
    2.825835606   66.830168694   30.459967590
    2.896494458   69.592839784   47.350903473
    2.967153310   73.413862601   60.062246618
    3.037812162   78.040513844   70.303267978
    3.108471014   83.300802347   78.249379631
    3.179129866   88.923761164   79.239834748
    3.249788718   94.222667616   68.767702782
    3.320447570   98.444401104   50.190132906
    3.391106423  101.270759037   29.709189425
    3.461765275  102.758196537   13.434149744
    3.532424127  103.292069329    2.591880372
    3.603082979  103.164589440   -6.062890200
    3.673741831  102.438734963  -14.633803669
    3.744400683  101.164099715  -20.858521133
    3.815059535   99.577072695  -22.989800317
    3.885718387   98.003008507  -21.035177144
    3.956377239   96.619481411  -18.143062603
    4.027036092   95.416722420  -16.460212659
    4.097694944   94.299983123  -14.964826356
    4.168353796   93.292576436  -13.245090382
    4.239012648   92.461062162   -9.979048254
    4.309671500   91.910389321   -6.070664648
    4.380330352   91.580119480   -3.552775023
    4.450989204   91.396679512   -1.726259816
    4.521648056   91.367534279    1.007221819
    4.592306908   91.592882082    5.362243210
    4.662965761   92.149567000   10.187951052
    4.733624613   93.013317817   13.824217352
    4.804283465   93.989384590   13.482300634
    4.874942317   94.909245614   12.316770423
    4.945601169   95.659431634    8.568528723
    5.016260021   96.089433829    3.192384104
    5.086918873   96.093362110   -3.413233337
    5.157577725   95.630925743   -9.218935225
    5.228236577   94.908141199  -10.384544500
    5.298895430   94.276093757   -6.588769980
    5.369554282   94.049454558    0.316723184
    5.440213134   94.297811996    6.360535334
    5.510871986   94.842270469    7.927392347
    5.581530838   95.293056457    4.295242264
    5.652189690   95.429713279    0.136203512
    5.722848542   95.390639585   -0.708016470
    5.793507394   95.407937457    1.449413319
    5.864166246   95.568783088    2.642152071
    5.934825099   95.733635380    1.385067944
    6.005483951   95.727594310   -1.964216946
    6.076142803   95.483041531   -4.540007933
    6.146801655   95.146494769   -4.567988524
    6.217460507   94.843524577   -3.450814366
    6.288119359   94.632652791   -3.135825623
    6.358778211   94.345073622   -5.252630727
    6.429437063   93.892507096   -7.639910753
    6.500095915   93.309813314   -8.945107535
    6.570754768   92.691182761   -8.032356750
    6.641413620   92.184953904   -6.632685348
    6.712072472   91.752466836   -5.553054745
    6.782731324   91.393890485   -4.761642331
    6.853390176   91.148490156   -1.861880362
    6.924049028   91.113356498    0.736583940
    6.994707880   91.244019505    2.713047862
    7.065366732   91.456573413    3.504244142
    7.136025585   91.703823542    3.175665716
    7.206684437   91.885092460    1.688278429
    7.277343289   91.936039012   -0.069983393
    7.348002141   91.939458052    0.367030758
    7.418660993   92.053299070    3.737098608
    7.489319845   92.531106541   10.099315318
    7.559978697   93.451449731   15.415192710
    7.630637549   94.595531122   16.714520221
    7.701296401   95.658200730   12.155394424
    7.771955254   96.151407961    0.677412945
    7.842614106   95.675541534  -13.920342280
    7.913272958   94.295073079  -33.629338836
    7.983931810   91.928968064  -29.166976391
    8.054590662   90.755406450   -0.628075419
    8.125249514   91.994004510   33.364985787
    8.195908366   94.515403356   27.093976463
    8.266567218   93.899189660  -58.986120277
    8.337226070   84.643979874 -206.832256320
    8.407884923   65.672599350 -310.399778558
    8.478543775   45.321493324 -223.650220561
    8.549202627   40.436549058  128.033647955
    8.619861479   67.898557328  664.908344296
    8.690520331  133.859472644 1178.655310216
    8.761179183  228.893223129 1460.582128074
    8.831838035  332.781129567 1429.908348469
    8.902496887  425.169324630 1156.331590375
    8.973155739  494.027026966  789.803464961
    9.043814592  537.752598886  462.005651931
    9.114473444  561.695542643  233.471400495
    9.185132296  573.061146424  102.341447527
    9.255791148  577.749702974   38.827147056
    9.326450000  579.313728956    0.013283311
