#! FIELDS d_abs file.free der_d_abs
#! SET min_d_abs -0.707107
#! SET max_d_abs 9.30598
#! SET nbins_d_abs  143
#! SET periodic_d_abs false
   -0.707107000  679.915888999   -0.000000000
   -0.636592303  678.230728776  -42.077960819
   -0.566077606  673.169701341 -110.654296105
   -0.495562908  660.921491862 -251.891622379
   -0.425048211  635.129306557 -499.089699612
   -0.354533514  587.927331808 -855.125191939
   -0.284018817  513.448954699 -1255.221244496
   -0.213504120  413.126765493 -1560.260264017
   -0.142989423  299.438764583 -1611.015376956
   -0.072474725  193.904012719 -1328.345525091
   -0.001960028  118.076416717 -796.819445937
    0.068554669   82.219812943 -236.275564689
    0.139069366   80.109017240  131.835476224
    0.209584063   94.156316478  222.836262125
    0.280098761  106.813107261  116.085283379
    0.350613458  109.647325405  -29.926556115
    0.421128155  104.457888862 -100.252392547
    0.491642852   97.729529851  -78.484788413
    0.562157549   94.318386609  -16.869502965
    0.632672246   94.922612236   28.516303018
    0.703186944   97.518380946   40.073393949
    0.773701641   99.555930474   27.483788072
    0.844216338  101.629795856   32.722525148
    0.914731035  104.399433089   46.004211477
    0.985245732  107.891400160   49.616371037
    1.055760430  110.836177136   29.060065800
    1.126275127  111.473164987  -13.417696125
    1.196789824  108.973520653  -55.093948640
    1.267304521  104.309049131  -71.724441409
    1.337819218   99.533125790  -60.278278868
    1.408333915   96.021512156  -39.837727171
    1.478848613   93.667388133  -29.859955651
    1.549363310   91.456771444  -34.474898372
    1.619878007   88.800207633  -40.078182982
    1.690392704   85.978111907  -38.671247839
    1.760907401   83.503193897  -31.441841573
    1.831422099   81.443809507  -28.303730897
    1.901936796   79.260200655  -35.140078545
    1.972451493   76.417449623  -45.130866745
    2.042966190   73.014967133  -49.416053781
    2.113480887   69.696007170  -43.311016907
    2.183995585   67.027401135  -31.613120962
    2.254510282   65.264174299  -19.166743495
    2.325024979   64.204211140  -12.095791304
    2.395539676   63.384132097  -12.178816296
    2.466054373   62.423540159  -15.801413752
    2.536569070   61.102870296  -21.832608144
    2.607083768   59.376792259  -27.145633782
    2.677598465   57.367152954  -29.333013764
    2.748113162   55.338843592  -27.112840081
    2.818627859   53.726476205  -17.069678665
    2.889142556   53.130598245    1.101194574
    2.959657254   53.973059070   22.725573233
    3.030171951   56.249900380   40.231518644
    3.100686648   59.352955245   45.622824211
    3.171201345   62.416830507   39.580477392
    3.241716042   64.810806061   28.080730188
    3.312230739   66.356786041   15.848764053
    3.382745437   67.125482419    6.165845283
    3.453260134   67.213236648   -3.372230494
    3.523774831   66.632866248  -13.200818758
    3.594289528   65.364801624  -22.277334887
    3.664804225   63.652092792  -25.432209532
    3.735318923   61.991717465  -20.306450512
    3.805833620   60.912560779  -10.136878972
    3.876348317   60.556192133   -0.964012777
    3.946863014   60.664216540    2.974340551
    4.017377711   60.838876534    1.501415317
    4.087892408   60.810459732   -2.197172977
    4.158407106   60.579550764   -4.030026297
    4.228921803   60.245993916   -5.027747796
    4.299436500   59.900498451   -4.923743480
    4.369951197   59.509546085   -6.150958477
    4.440465894   59.023155691   -7.332687741
    4.510980592   58.540549490   -6.162518600
    4.581495289   58.213083579   -2.694656307
    4.652009986   58.177153379    1.546099382
    4.722524683   58.337727032    2.444557019
    4.793039380   58.477267439    1.084770268
    4.863554077   58.495643441    0.186481205
    4.934068775   58.538259852    1.253289734
    5.004583472   58.653165796    1.657084649
    5.075098169   58.738198001    0.221359562
    5.145612866   58.649679108   -2.805616503
    5.216127563   58.337620366   -5.482363462
    5.286642261   57.933669796   -5.333790463
    5.357156958   57.681816948   -1.484884393
    5.427671655   57.687663683    1.628223033
    5.498186352   57.861192570    2.584925737
    5.568701049   58.041731687    2.411892228
    5.639215746   58.191286964    2.436270193
    5.709730444   58.389601269    3.285387161
    5.780245141   58.635475429    3.664801136
    5.850759838   58.876520356    2.907834611
    5.921274535   59.024081076    1.070857036
    5.991789232   59.044835163    0.039789119
    6.062303930   59.071329409    0.996098313
    6.132818627   59.166554766    1.654937812
    6.203333324   59.271702548    0.942041827
    6.273848021   59.271807151   -1.302944388
    6.344362718   59.062398078   -4.401160860
    6.414877415   58.681748270   -6.220496764
    6.485392113   58.187637961   -7.847271279
    6.555906810   57.601866652   -8.564369574
    6.626421507   56.960483499   -8.849083846
    6.696936204   56.408364990   -6.329733784
    6.767450901   56.120888715   -1.942049750
    6.837965599   56.116535450    2.068683423
    6.908480296   56.410909310    5.781144272
    6.978994993   56.915163574    8.036873492
    7.049509690   57.463863428    7.574431166
    7.120024387   57.962414268    6.393498422
    7.190539085   58.383930337    5.345744747
    7.261053782   58.703477404    3.670747420
    7.331568479   58.916670534    2.567869452
    7.402083176   59.049544879    1.232531750
    7.472597873   59.089617893   -0.450743348
    7.543112570   58.959927793   -2.657208268
    7.613627268   58.848477215    0.445062439
    7.684141965   59.098082678    6.744877442
    7.754656662   59.751787517   10.818845803
    7.825171359   60.407265515    6.409342709
    7.895686056   60.439128406  -18.257226199
    7.966200754   58.794663321  -24.456602748
    8.036715451   57.668035801   -2.123944457
    8.107230148   58.942805425   37.705914280
    8.177744845   62.132735548   40.398297987
    8.248259542   62.337894666  -52.874795220
    8.318774239   52.559173842 -231.623525859
    8.389288937   30.604194544 -368.411217786
    8.459803634    6.095950344 -274.178184925
    8.530318331    0.000000000  155.948609103
    8.600833028   33.929867336  827.696542649
    8.671347725  116.237040469 1478.450051582
    8.741862423  235.559411376 1842.710328823
    8.812377120  366.634723688 1810.887239032
    8.882891817  483.578764217 1468.793583609
    8.953406514  570.965704202 1006.086317281
    9.023921211  626.657718389  590.592520231
    9.094435908  657.253664458  299.555162967
    9.164950606  671.834798035  131.904356859
    9.235465303  677.871265289   50.115421712
    9.305980000  679.915888999   -0.000000000
