#! FIELDS d_abs file.free der_d_abs
#! SET min_d_abs -0.707106
#! SET max_d_abs 9.34842
#! SET nbins_d_abs  144
#! SET periodic_d_abs false
   -0.707106000  739.179769334   -0.001986480
   -0.636787636  737.238929852  -47.968323742
   -0.566469273  731.511575791 -125.331853740
   -0.496150909  717.693714205 -284.684424715
   -0.425832545  688.695103588 -561.686464076
   -0.355514182  635.799880071 -960.042850161
   -0.285195818  552.434110737 -1408.509563377
   -0.214877455  440.126617034 -1752.660569251
   -0.144559091  312.611112777 -1815.743151706
   -0.074240727  193.495320975 -1513.348684480
   -0.003922364  106.195503914 -941.611691901
    0.066396000   61.757659563 -339.570582889
    0.136714364   53.538542205   59.215106198
    0.207032727   63.289633917  174.804011124
    0.277351091   73.714189326  104.811836734
    0.347669455   77.537855367   11.871849048
    0.417987818   77.205129720   -7.280040232
    0.488306182   77.987972703   34.369792747
    0.558624545   81.960535860   73.263010263
    0.628942909   87.241939609   69.407493236
    0.699261273   90.941703903   33.451464315
    0.769579636   91.335026232   -8.709706504
    0.839898000   90.363256163  -16.458963875
    0.910216364   89.312041014  -12.434798157
    0.980534727   88.588201907   -9.559479945
    1.050853091   87.804615016  -14.167144847
    1.121171455   86.544543716  -21.003403932
    1.191489818   84.946469917  -23.559592536
    1.261808182   83.335240591  -22.085042406
    1.332126545   81.904944795  -18.698182842
    1.402444909   80.657992555  -16.599256349
    1.472763273   79.519896696  -15.534698205
    1.543081636   78.480576008  -14.312637031
    1.613400000   77.466331643  -14.910499417
    1.683718364   76.317615145  -18.021901052
    1.754036727   74.944186321  -20.491851044
    1.824355091   73.530942932  -18.896746781
    1.894673455   72.377587288  -13.318057669
    1.964991818   71.683604110   -6.329358443
    2.035310182   71.420285483   -1.764811221
    2.105628545   71.360598116   -0.351379838
    2.175946909   71.324348607   -0.980467585
    2.246265273   71.243989806   -1.210679386
    2.316583636   71.140573897   -1.540726117
    2.386902000   71.042333432   -1.347726928
    2.457220364   70.920310070   -2.514012198
    2.527538727   70.606311159   -6.613872814
    2.597857091   69.932838511  -12.408857245
    2.668175455   68.909548297  -16.277211093
    2.738493818   67.753897541  -16.260853128
    2.808812182   66.688398945  -13.809013482
    2.879130545   65.804551638  -11.263574114
    2.949448909   65.123025238   -8.411434648
    3.019767273   64.583855322   -6.993955229
    3.090085636   64.108280413   -6.573637750
    3.160404000   63.677861373   -5.644438615
    3.230722364   63.350047834   -3.891791874
    3.301040727   63.107452902   -3.411430044
    3.371359091   62.829994919   -4.891532300
    3.441677455   62.432484559   -6.407080884
    3.511995818   61.968367267   -6.265173592
    3.582314182   61.603415381   -4.128566779
    3.652632545   61.384111550   -2.190642210
    3.722950909   61.230727684   -2.593278680
    3.793269273   61.025824236   -3.117114956
    3.863587636   60.796251352   -3.082998909
    3.933906000   60.592653281   -2.411692756
    4.004224364   60.462445736   -1.422404699
    4.074542727   60.357809265   -1.655924710
    4.144861091   60.174420911   -3.754533609
    4.215179455   59.837085878   -5.820142578
    4.285497818   59.399847245   -6.028765580
    4.355816182   59.039582551   -3.665935964
    4.426134545   58.887962362   -0.746303431
    4.496452909   58.925346948    1.492285414
    4.566771273   59.065424608    2.202689351
    4.637089636   59.243455704    2.646293025
    4.707408000   59.432631089    2.960934526
    4.777726364   59.658090105    3.095681529
    4.848044727   59.852036338    2.347048204
    4.918363091   59.955524459    0.662440844
    4.988681455   59.920826064   -1.587608718
    5.058999818   59.737924393   -3.657622667
    5.129318182   59.442295734   -4.802514005
    5.199636545   59.080004556   -5.531821910
    5.269954909   58.682360288   -5.921663062
    5.340273273   58.261967421   -5.790589540
    5.410591636   57.878382355   -5.057874745
    5.480910000   57.592260378   -3.002894695
    5.551228364   57.463196042   -0.447148922
    5.621546727   57.515324846    1.474099078
    5.691865091   57.665876960    2.333549924
    5.762183455   57.847809009    2.759828725
    5.832501818   58.057000430    3.020835217
    5.902820182   58.281843156    3.572423645
    5.973138545   58.515031123    2.994007086
    6.043456909   58.695989766    1.904106900
    6.113775273   58.763951571   -0.076294048
    6.184093636   58.672466425   -2.624132624
    6.254412000   58.417159739   -4.396933832
    6.324730364   58.058768096   -5.564573833
    6.395048727   57.658359082   -5.575260507
    6.465367091   57.322998390   -3.996161903
    6.535685455   57.115377279   -2.029528431
    6.606003818   57.005493929   -1.177164262
    6.676322182   56.971356052   -0.257882953
    6.746640545   56.969769060   -0.060352288
    6.816958909   56.937208031   -0.791573612
    6.887277273   56.840099244   -1.812596719
    6.957595636   56.714437416   -1.491446345
    7.027914000   56.648733544   -0.602543603
    7.098232364   56.607771195   -0.645195231
    7.168550727   56.549225862   -1.167018395
    7.238869091   56.419997174   -2.574875458
    7.309187455   56.195451018   -3.739807932
    7.379505818   55.892255454   -4.544095239
    7.449824182   55.552241759   -5.407822558
    7.520142545   55.106637535   -7.638772161
    7.590460909   54.478039170  -10.134976784
    7.660779273   53.797374916   -7.869274388
    7.731097636   53.484867242   -0.555219967
    7.801416000   53.669145537    4.565706186
    7.871734364   53.912836973    0.669401667
    7.942052727   53.402331224  -28.442089848
    8.012371091   50.925633934  -37.659109291
    8.082689455   49.011230577   -9.989718388
    8.153007818   50.191001915   44.316856876
    8.223326182   54.458746210   64.201238928
    8.293644545   56.652605666  -22.661395332
    8.363962909   48.799010025 -209.734267565
    8.434281273   28.004999182 -358.124709909
    8.504599636    4.271787781 -260.776303051
    8.574918000    0.000000000  198.467590634
    8.645236364   38.467321762  918.936760149
    8.715554727  128.700381672 1616.479308758
    8.785873091  258.391650307 2003.957860348
    8.856191455  400.329935859 1964.259945067
    8.926509818  526.756251523 1591.754603271
    8.996828182  621.208579072 1090.418640826
    9.067146545  681.411182543  640.828001091
    9.137464909  714.550449862  325.759123360
    9.207783273  730.370428635  143.528498317
    9.278101636  736.934913923   55.027202153
    9.348420000  739.179769335   -0.000000000
