#! FIELDS d_abs file.free der_d_abs
#! SET min_d_abs -0.707106
#! SET max_d_abs 9.34842
#! SET nbins_d_abs  144
#! SET periodic_d_abs false
   -0.707106000  816.697016646   -0.002948635
   -0.636787636  814.171522731  -61.855070636
   -0.566469273  806.797838439 -161.160524086
   -0.496150909  789.055472762 -365.137215718
   -0.425832545  751.922049232 -718.183107143
   -0.355514182  684.447998563 -1221.867673969
   -0.285195818  578.697664013 -1780.810394291
   -0.214877455  437.408326831 -2192.828622129
   -0.144559091  279.235847654 -2228.142277525
   -0.074240727  135.630666751 -1778.301342715
   -0.003922364   37.668688268 -970.835719308
    0.066396000    0.000000000 -124.034169805
    0.136714364   13.505561116  443.404229585
    0.207032727   52.678880533  606.686234960
    0.277351091   91.844700997  475.844530194
    0.347669455  117.734612052  263.529584411
    0.417987818  130.630160531  120.111491597
    0.488306182  136.811121577   67.006648959
    0.558624545  140.947204028   52.084173090
    0.628942909  143.952629900   31.134970117
    0.699261273  145.137123155    3.269680184
    0.769579636  143.890962370  -20.785844527
    0.839898000  142.866622887   -6.812688854
    0.910216364  143.048591250   11.565879158
    0.980534727  144.274574003   20.692277311
    1.050853091  145.664959283   16.775064924
    1.121171455  146.527434096    8.226939511
    1.191489818  146.903101443    3.266064972
    1.261808182  147.072886394    1.544377441
    1.332126545  147.146034932    0.122616300
    1.402444909  147.000650505   -4.313398625
    1.472763273  146.475835377  -10.316219079
    1.543081636  145.586161232  -14.942648663
    1.613400000  144.392679802  -18.903519113
    1.683718364  142.926745753  -22.624229669
    1.754036727  141.272048597  -23.626609340
    1.824355091  139.723972993  -19.491698089
    1.894673455  138.628527162  -11.041927257
    1.964991818  138.201519967   -0.949646392
    2.035310182  138.441475740    7.299088578
    2.105628545  139.171952242   13.176232746
    2.175946909  140.253783084   17.239164754
    2.246265273  141.592706717   20.642262104
    2.316583636  143.087049508   21.577572434
    2.386902000  144.573979892   20.153034776
    2.457220364  145.835781873   15.056694810
    2.527538727  146.584555870    5.995537779
    2.597857091  146.629679479   -4.436735956
    2.668175455  146.035766156  -11.819071596
    2.738493818  145.107202221  -14.061969813
    2.808812182  144.147550814  -12.861493019
    2.879130545  143.306017399  -10.929857955
    2.949448909  142.637450514   -8.333723782
    3.019767273  142.100794501   -6.980985387
    3.090085636  141.625521577   -6.573080956
    3.160404000  141.195108685   -5.644438615
    3.230722364  140.867295146   -3.891791874
    3.301040727  140.624700214   -3.411430044
    3.371359091  140.347242231   -4.891532300
    3.441677455  139.949731870   -6.407080884
    3.511995818  139.485614579   -6.265173592
    3.582314182  139.120662693   -4.128566779
    3.652632545  138.901358862   -2.190642210
    3.722950909  138.747974996   -2.593278680
    3.793269273  138.543071548   -3.117114956
    3.863587636  138.313498664   -3.082998909
    3.933906000  138.109900593   -2.411692756
    4.004224364  137.979693048   -1.422404699
    4.074542727  137.875056577   -1.655924710
    4.144861091  137.691668223   -3.754533609
    4.215179455  137.354333190   -5.820142578
    4.285497818  136.917094556   -6.028765580
    4.355816182  136.556829863   -3.665935964
    4.426134545  136.405209674   -0.746303431
    4.496452909  136.442594260    1.492285414
    4.566771273  136.582671920    2.202689351
    4.637089636  136.760703015    2.646293025
    4.707408000  136.949878400    2.960934526
    4.777726364  137.175337417    3.095681529
    4.848044727  137.369283649    2.347048204
    4.918363091  137.472771771    0.662440844
    4.988681455  137.438073375   -1.587608718
    5.058999818  137.255171705   -3.657622667
    5.129318182  136.959543046   -4.802514005
    5.199636545  136.597251868   -5.531821910
    5.269954909  136.199607600   -5.921663062
    5.340273273  135.779214732   -5.790589540
    5.410591636  135.395629667   -5.057874745
    5.480910000  135.109507690   -3.002894695
    5.551228364  134.980443354   -0.447148922
    5.621546727  135.032572158    1.474099078
    5.691865091  135.183124272    2.333549924
    5.762183455  135.365056320    2.759828725
    5.832501818  135.574247742    3.020835217
    5.902820182  135.799090468    3.572423645
    5.973138545  136.032278435    2.994007086
    6.043456909  136.213237078    1.904106900
    6.113775273  136.281198883   -0.076294048
    6.184093636  136.189713737   -2.624132624
    6.254412000  135.934407051   -4.396933832
    6.324730364  135.576015408   -5.564573833
    6.395048727  135.175606393   -5.575260507
    6.465367091  134.840245701   -3.996161903
    6.535685455  134.632624591   -2.029528431
    6.606003818  134.522741241   -1.177164262
    6.676322182  134.488603364   -0.257882953
    6.746640545  134.487016372   -0.060352288
    6.816958909  134.454455342   -0.791573612
    6.887277273  134.357346556   -1.812596719
    6.957595636  134.231684728   -1.491446345
    7.027914000  134.165980856   -0.602543603
    7.098232364  134.125018506   -0.645195231
    7.168550727  134.066473173   -1.167018395
    7.238869091  133.937244486   -2.574875458
    7.309187455  133.712698330   -3.739807932
    7.379505818  133.409502766   -4.544095239
    7.449824182  133.069489071   -5.407822558
    7.520142545  132.623884846   -7.638772161
    7.590460909  131.995286482  -10.134976784
    7.660779273  131.314622228   -7.869274388
    7.731097636  131.002114553   -0.555219967
    7.801416000  131.186392849    4.565706186
    7.871734364  131.430084285    0.669401667
    7.942052727  130.919578535  -28.442089848
    8.012371091  128.442881246  -37.659109291
    8.082689455  126.528477888   -9.989718388
    8.153007818  127.708249227   44.316856876
    8.223326182  131.975993522   64.201238928
    8.293644545  134.169852977  -22.661395332
    8.363962909  126.316257336 -209.734267565
    8.434281273  105.522246494 -358.124709909
    8.504599636   81.789035092 -260.776303051
    8.574918000   77.517247312  198.467590634
    8.645236364  115.984569074  918.936760149
    8.715554727  206.217628984 1616.479308758
    8.785873091  335.908897619 2003.957860348
    8.856191455  477.847183170 1964.259945067
    8.926509818  604.273498834 1591.754603271
    8.996828182  698.725826384 1090.418640826
    9.067146545  758.928429855  640.828001091
    9.137464909  792.067697173  325.759123360
    9.207783273  807.887675947  143.528498317
    9.278101636  814.452161235   55.027202153
    9.348420000  816.697016647   -0.000000000
