#! FIELDS time d_abs s2.mean
 0.000000 7.386829 0.863449
 1000.000000 0.110330 0.827364
 2000.000000 1.339093 0.829842
 3000.000000 6.882589 0.823262
 4000.000000 2.194579 0.835903
 5000.000000 4.028868 0.852124
 6000.000000 7.887952 0.843324
 7000.000000 8.813847 0.837768
 8000.000000 3.124299 0.856785
 9000.000000 7.458380 0.855328
 10000.000000 5.120671 0.840672
 11000.000000 7.552818 0.849943
 12000.000000 5.912784 0.847167
 13000.000000 2.887759 0.831533
 14000.000000 1.732674 0.847322
 15000.000000 2.725382 0.852134
 16000.000000 5.049890 0.859413
 17000.000000 5.682855 0.853240
 18000.000000 7.947546 0.856667
 19000.000000 4.634757 0.844805
 20000.000000 3.811137 0.847135
 21000.000000 4.924240 0.838742
 22000.000000 6.183007 0.844178
 23000.000000 8.806368 0.857214
 24000.000000 8.806423 0.856497
 25000.000000 7.616478 0.851730
 26000.000000 3.800237 0.860742
 27000.000000 3.011504 0.853347
 28000.000000 7.228035 0.844661
 29000.000000 3.041297 0.850526
 30000.000000 8.318838 0.848972
 31000.000000 8.417734 0.841890
 32000.000000 5.695296 0.855848
 33000.000000 4.417448 0.844323
 34000.000000 3.568032 0.841082
 35000.000000 5.879995 0.845734
 36000.000000 8.474444 0.840301
 37000.000000 7.022974 0.837449
 38000.000000 6.871345 0.836718
 39000.000000 5.294286 0.833263
 40000.000000 3.878629 0.844740
 41000.000000 2.359101 0.846886
 42000.000000 2.131723 0.833700
 43000.000000 1.684303 0.855143
 44000.000000 0.005505 0.863458
 45000.000000 0.860764 0.858371
 46000.000000 0.342870 0.867394
 47000.000000 0.001810 0.857490
 48000.000000 0.000311 0.829070
 49000.000000 0.003272 0.842870
 50000.000000 0.948059 0.867347
 51000.000000 1.420130 0.850156
 52000.000000 1.841152 0.871120
 53000.000000 1.967554 0.836876
 54000.000000 1.857912 0.842530
 55000.000000 1.478176 0.840040
 56000.000000 0.597349 0.850390
 57000.000000 0.946806 0.839346
 58000.000000 1.164712 0.847605
 59000.000000 1.125342 0.856963
 60000.000000 1.451574 0.845793
 61000.000000 1.983531 0.858309
 62000.000000 2.279735 0.845019
 63000.000000 3.065086 0.848063
 64000.000000 2.970555 0.858821
 65000.000000 4.603469 0.845240
 66000.000000 5.780955 0.852979
 67000.000000 6.939872 0.862810
 68000.000000 8.388093 0.852509
 69000.000000 5.276229 0.852064
 70000.000000 6.462316 0.852430
 71000.000000 5.564054 0.842497
 72000.000000 3.064276 0.847878
 73000.000000 2.817872 0.829613
 74000.000000 2.737985 0.845058
 75000.000000 2.500664 0.849476
 76000.000000 2.374832 0.845192
 77000.000000 2.286852 0.863677
 78000.000000 6.158763 0.855780
 79000.000000 8.472961 0.852703
 80000.000000 8.104898 0.856151
 81000.000000 8.814796 0.853355
 82000.000000 8.802811 0.853849
 83000.000000 8.814101 0.848787
 84000.000000 8.814260 0.874840
 85000.000000 8.812459 0.865381
 86000.000000 8.809062 0.847348
 87000.000000 8.810907 0.849550
 88000.000000 8.813254 0.844308
 89000.000000 8.812876 0.838632
 90000.000000 8.804905 0.852198
 91000.000000 8.813969 0.848936
 92000.000000 8.814752 0.842911
 93000.000000 8.812408 0.867600
 94000.000000 8.814262 0.848580
 95000.000000 8.808147 0.859438
 96000.000000 8.806088 0.855078
 97000.000000 6.826816 0.851457
 98000.000000 5.087815 0.854242
 99000.000000 5.545816 0.859862
 100000.000000 3.948708 0.857861
 101000.000000 4.908657 0.841337
 102000.000000 4.903212 0.863968
 103000.000000 7.665618 0.848925
 104000.000000 5.780002 0.854894
 105000.000000 8.102727 0.839611
 106000.000000 6.426083 0.852172
 107000.000000 4.090068 0.842198
 108000.000000 3.376471 0.837353
 109000.000000 4.585744 0.837556
 110000.000000 7.270389 0.831200
 111000.000000 8.180214 0.836817
 112000.000000 7.969203 0.841983
 113000.000000 5.471626 0.842306
 114000.000000 3.138162 0.852131
 115000.000000 3.560055 0.843329
 116000.000000 4.435029 0.847191
 117000.000000 5.146731 0.852314
 118000.000000 6.072088 0.843875
 119000.000000 5.183516 0.850275
 120000.000000 3.623438 0.840184
 121000.000000 3.438573 0.863769
 122000.000000 7.211027 0.840064
 123000.000000 7.615346 0.849169
 124000.000000 8.257070 0.880905
 125000.000000 6.769034 0.868183
 126000.000000 4.463296 0.859155
 127000.000000 5.188873 0.842235
 128000.000000 5.977827 0.849832
 129000.000000 7.411384 0.853120
 130000.000000 7.173852 0.876057
 131000.000000 8.312066 0.843977
 132000.000000 6.022551 0.843854
 133000.000000 3.675365 0.847749
 134000.000000 3.027657 0.862835
 135000.000000 2.724284 0.860260
 136000.000000 4.333409 0.840891
 137000.000000 3.898368 0.850150
 138000.000000 4.391771 0.841560
 139000.000000 5.519122 0.837953
 140000.000000 5.730670 0.850796
 141000.000000 8.420694 0.847621
 142000.000000 6.559269 0.836709
 143000.000000 7.067459 0.843247
 144000.000000 6.803950 0.852372
 145000.000000 7.585866 0.855734
 146000.000000 5.783142 0.874560
 147000.000000 6.354431 0.851476
 148000.000000 7.994872 0.864361
 149000.000000 7.688871 0.850184
 150000.000000 4.401085 0.833463
 151000.000000 4.055188 0.851887
 152000.000000 4.561452 0.845907
 153000.000000 2.662096 0.842358
 154000.000000 2.544054 0.841598
 155000.000000 2.416796 0.847720
 156000.000000 2.359700 0.846100
 157000.000000 1.688200 0.837161
 158000.000000 1.885167 0.825315
 159000.000000 1.557803 0.842178
 160000.000000 1.669817 0.844695
 161000.000000 2.015457 0.836867
 162000.000000 2.045204 0.846135
 163000.000000 1.962523 0.859216
 164000.000000 1.777342 0.848944
 165000.000000 1.755783 0.855502
 166000.000000 0.514838 0.847818
 167000.000000 0.436285 0.849627
 168000.000000 0.652077 0.847609
 169000.000000 0.312501 0.845363
 170000.000000 0.364203 0.843742
 171000.000000 0.767078 0.835150
 172000.000000 0.992052 0.856417
 173000.000000 1.235152 0.864493
 174000.000000 1.295558 0.860895
 175000.000000 1.305034 0.858113
 176000.000000 1.218869 0.856913
 177000.000000 0.768389 0.842484
 178000.000000 0.698381 0.849515
 179000.000000 0.303061 0.855915
 180000.000000 0.004479 0.851064
 181000.000000 0.000565 0.854383
 182000.000000 0.000445 0.850408
 183000.000000 0.000188 0.844327
 184000.000000 0.005955 0.848919
 185000.000000 0.003809 0.846901
 186000.000000 0.015254 0.853774
 187000.000000 0.002559 0.850039
 188000.000000 0.002661 0.844246
 189000.000000 0.004990 0.841735
 190000.000000 0.000798 0.835633
 191000.000000 0.000422 0.849762
 192000.000000 0.000315 0.861287
 193000.000000 0.002363 0.835300
 194000.000000 0.002514 0.846189
 195000.000000 0.010021 0.842598
 196000.000000 0.000574 0.844406
 197000.000000 0.003951 0.845606
 198000.000000 0.002849 0.823638
 199000.000000 0.006648 0.843044
 200000.000000 0.000612 0.838412
