#! FIELDS d_abs file.free der_d_abs
#! SET min_d_abs -0.707106
#! SET max_d_abs 9.28011
#! SET nbins_d_abs  143
#! SET periodic_d_abs false
   -0.707106000  655.151569076   -0.006387794
   -0.636773493  653.174817509  -48.245120484
   -0.566440986  647.367277155 -127.481670920
   -0.496108479  633.280024262 -290.367476277
   -0.425775972  603.670499637 -573.605187355
   -0.355443465  549.662724433 -979.377969030
   -0.285110958  464.671397219 -1434.266617901
   -0.214778451  350.559477553 -1775.047901080
   -0.144445944  222.190754041 -1811.623585954
   -0.074113437  105.349504388 -1444.386504481
   -0.003780930   26.605019912 -759.592720359
    0.066551577    0.000000000  -11.879442061
    0.136884085   19.783861436  521.402631568
    0.207216592   64.950799133  704.136305241
    0.277549099  111.853130026  593.620438104
    0.347881606  145.607070743  360.558791648
    0.418214113  163.298287740  154.823412746
    0.488546620  169.424394606   33.788915191
    0.558879127  169.734191843  -16.378181960
    0.629211634  167.898346970  -32.615345251
    0.699544141  165.479839876  -33.402211854
    0.769876648  162.989382224  -22.738603390
    0.840209155  162.726049972   16.606509678
    0.910541662  165.368738768   57.473922797
    0.980874169  170.424064181   82.475837623
    1.051206676  176.328343337   80.985693811
    1.121539183  181.309621681   58.478733564
    1.191871690  184.439615205   30.815469743
    1.262204197  185.800426220    9.735047709
    1.332536704  186.095217314    0.973551814
    1.402869211  186.204134153    3.240165716
    1.473201718  186.595169213    7.299184317
    1.543534225  187.124828918    6.825169147
    1.613866732  187.437339107    2.426504636
    1.684199239  187.644394901    5.491030132
    1.754531746  188.636291954   26.371555083
    1.824864254  191.830643146   67.131249639
    1.895196761  198.316611942  117.311938512
    1.965529268  208.093671250  156.764471668
    2.035861775  219.644689689  165.865086464
    2.106194282  230.715788876  145.439600708
    2.176526789  239.811107259  112.931999462
    2.246859296  246.710746977   85.227312618
    2.317191803  252.059777569   68.649007647
    2.387524310  256.426156470   54.704143215
    2.457856817  259.496977375   30.390878283
    2.528189324  260.383543833   -6.345902630
    2.598521831  258.592404596  -43.536181162
    2.668854338  254.559425155  -68.156787163
    2.739186845  249.478483872  -72.763070332
    2.809519352  244.763022951  -58.748446926
    2.879851859  241.498956875  -32.866426347
    2.950184366  240.210573932   -4.085046009
    3.020516873  240.843220703   21.197203967
    3.090849380  242.979615926   37.321697643
    3.161181887  245.757772507   39.526434985
    3.231514394  248.221230878   29.114224042
    3.301846901  249.738214493   14.152869189
    3.372179408  250.323429641    4.011451331
    3.442511915  250.595548039    6.140152513
    3.512844423  251.459530436   19.985204374
    3.583176930  253.469780236   36.915764036
    3.653509437  256.475310021   46.878151187
    3.723841944  259.793304628   45.819659574
    3.794174451  262.635679235   33.479168436
    3.864506958  264.339248222   14.152914181
    3.934839465  264.583136136   -6.424742476
    4.005171972  263.599724540  -19.869709775
    4.075504479  261.991422784  -24.366866779
    4.145836986  260.349678734  -21.317780076
    4.216169493  258.980373379  -18.000429666
    4.286502000  257.729671686  -18.706231112
    4.356834507  256.172665959  -26.212034117
    4.427167014  254.058808828  -33.668881145
    4.497499521  251.599813424  -35.195870958
    4.567832028  249.273133141  -30.014391238
    4.638164535  247.445672596  -21.951631352
    4.708497042  246.108344658  -16.695183398
    4.778829549  244.977045413  -16.044809782
    4.849162056  243.768099686  -18.117730993
    4.919494563  242.522212815  -16.742987255
    4.989827070  241.494792243  -11.898955325
    5.060159577  240.861413956   -5.741478357
    5.130492085  240.684825837    0.609173923
    5.200824592  240.933686556    6.279185565
    5.271157099  241.542465707   10.451610566
    5.341489606  242.346882849   12.295613903
    5.411822113  243.196725171   11.671813662
    5.482154620  243.937672371    9.318501194
    5.552487127  244.537241711    7.946302420
    5.622819634  245.107465493    8.825442039
    5.693152141  245.861095785   12.714087118
    5.763484648  246.887691567   16.004363733
    5.833817155  248.043221776   15.836844368
    5.904149662  249.007371696   10.656499482
    5.974482169  249.463854263    1.852943807
    6.044814676  249.267942499   -7.053818436
    6.115147183  248.511696596  -13.521143458
    6.185479690  247.421927614  -16.661333588
    6.255812197  246.240158442  -16.344773056
    6.326144704  245.248987634  -11.357819820
    6.396477211  244.714059189   -3.324661625
    6.466809718  244.805859546    6.142816927
    6.537142225  245.537826259   14.057339275
    6.607474732  246.665443222   16.976951896
    6.677807239  247.735766066   12.123693632
    6.748139746  248.261495971    2.650786808
    6.818472254  248.126798572   -5.958380680
    6.888804761  247.604161281   -8.019871236
    6.959137268  247.146674074   -4.442581316
    7.029469775  247.088203942    3.005251940
    7.099802282  247.565983256   10.493513419
    7.170134789  248.540875506   16.830638019
    7.240467296  249.903525923   21.391785651
    7.310799803  251.474091893   22.635360347
    7.381132310  252.963201250   19.300995142
    7.451464817  254.143432484   14.342289252
    7.521797324  255.078123902   13.290146713
    7.592129831  256.176991765   18.991831183
    7.662462338  257.825630920   27.209241233
    7.732794845  259.736704633   24.286658723
    7.803127352  260.811567202    3.653701373
    7.873459859  259.928583671  -34.679975700
    7.943792366  256.637633057  -54.299319419
    8.014124873  253.141993712  -38.828444207
    8.084457380  251.812584866    2.953516194
    8.154789887  253.259842921   31.888724193
    8.225122394  254.963225212    5.811038553
    8.295454901  252.857574241  -69.759610872
    8.365787408  245.719417279 -120.284281944
    8.436119915  239.037627843  -40.997657080
    8.506452423  244.267052619  218.216321224
    8.576784930  272.548212916  594.483787691
    8.647117437  327.141530455  938.703262933
    8.717449944  400.433464848 1108.906720661
    8.787782451  477.814499117 1056.782576325
    8.858114958  545.189084203  840.162134499
    8.928447465  594.693441652  567.057946552
    8.998779972  625.835659513  329.321539382
    9.069112479  642.778067063  165.651146959
    9.139444986  650.792026148   72.335957127
    9.209777493  654.074487636   27.192402524
    9.280110000  655.151569077   -0.000000000
