#! FIELDS d_abs file.free der_d_abs
#! SET min_d_abs -0.707106
#! SET max_d_abs 9.31218
#! SET nbins_d_abs  143
#! SET periodic_d_abs false
   -0.707106000  733.413151500   -0.000000000
   -0.636547648  731.661638662  -43.281474131
   -0.565989296  726.452594022 -113.686883821
   -0.495430944  713.828170167 -259.788131851
   -0.424872592  687.236850759 -513.883600534
   -0.354314239  638.647098380 -879.343034362
   -0.283755887  561.997450235 -1291.012391926
   -0.213197535  458.721804825 -1606.034607824
   -0.142639183  341.535897995 -1661.421242712
   -0.072080831  232.349218189 -1379.160228270
   -0.001522479  152.886666267 -847.823327042
    0.069035873  113.315271384 -290.303137987
    0.139594225  107.264732310   74.712781695
    0.210152577  117.358316575  170.121850407
    0.280710930  127.032670429   87.614972703
    0.351269282  129.253312770  -16.865022214
    0.421827634  126.545555834  -44.782168506
    0.492385986  124.664152469   -1.270073240
    0.562944338  126.548269188   50.762741114
    0.633502690  130.825974127   62.330619925
    0.704061042  134.411826471   35.115406540
    0.774619394  134.974306674   -6.598200872
    0.845177746  133.929062025  -19.740416575
    0.915736099  132.635944804  -14.297778742
    0.986294451  132.140763378    0.357340761
    1.056852803  132.588450835   11.341548858
    1.127411155  133.533302947   14.564010374
    1.197969507  134.528210284   12.783997693
    1.268527859  135.240404642    6.622097374
    1.339086211  135.292584894   -6.611773333
    1.409644563  134.185439331  -25.282058994
    1.480202915  131.768788821  -42.059893707
    1.550761268  128.457367154  -49.820367992
    1.621319620  125.029117225  -45.020209437
    1.691877972  122.328490921  -30.873089172
    1.762436324  120.682154208  -16.154626191
    1.832994676  119.921336753   -6.686018711
    1.903553028  119.616927427   -2.900054126
    1.974111380  119.416849964   -2.781466581
    2.044669732  119.232082363   -2.104650393
    2.115228085  119.210569438    1.606744256
    2.185786437  119.447908455    4.899542148
    2.256344789  119.835527349    5.344157051
    2.326903141  120.140440110    2.735837335
    2.397461493  120.198403601   -1.335864298
    2.468019845  119.940788339   -5.516611834
    2.538578197  119.441783383   -8.305895323
    2.609136549  118.842881316   -7.959449053
    2.679694901  118.324712812   -6.639545396
    2.750253254  117.894415558   -5.805255358
    2.820811606  117.512837475   -5.111058827
    2.891369958  117.190409021   -4.135058515
    2.961928310  116.921200671   -3.560277013
    3.032486662  116.693040986   -3.225365351
    3.103045014  116.380419959   -5.994395552
    3.173603366  115.810268716  -10.097738974
    3.244161718  114.981908981  -12.970326978
    3.314720070  114.042526222  -13.271017357
    3.385278423  113.130238655  -12.097342936
    3.455836775  112.351932521  -10.022562283
    3.526395127  111.691046550   -8.801999961
    3.596953479  111.101601193   -7.914117841
    3.667511831  110.567948873   -6.963605983
    3.738070183  110.139891472   -5.124433060
    3.808628535  109.841594123   -3.483165283
    3.879186887  109.633265177   -2.495984770
    3.949745239  109.468007450   -2.739922051
    4.020303592  109.255045018   -2.893469758
    4.090861944  109.052562602   -2.673769246
    4.161420296  108.925229778   -1.168782582
    4.231978648  108.874299009   -0.494003151
    4.302537000  108.821571365   -0.974545637
    4.373095352  108.715466382   -1.801449729
    4.443653704  108.603089953   -1.243787642
    4.514212056  108.587660033    0.939264039
    4.584770408  108.727279516    2.838738316
    4.655328761  108.951290295    3.112093013
    4.725887113  109.119597118    1.537405326
    4.796445465  109.141080872   -0.475676953
    4.867003817  109.090705181   -0.789749985
    4.937562169  109.045981867   -0.195720908
    5.008120521  109.065880419    0.699093721
    5.078678873  109.154415352    1.514969653
    5.149237225  109.289266236    2.084278449
    5.219795577  109.457110247    2.900674467
    5.290353930  109.667936603    3.033648796
    5.360912282  109.857915123    1.833866465
    5.431470634  109.923671737    0.060860545
    5.502028986  109.847500157   -2.159932549
    5.572587338  109.653969807   -3.388446864
    5.643145690  109.392588928   -4.089135394
    5.713704042  109.086386843   -4.536327949
    5.784262394  108.721433168   -6.004764145
    5.854820746  108.255329568   -7.126980641
    5.925379099  107.784686462   -6.466698185
    5.995937451  107.370151361   -5.077625578
    6.066495803  107.086159837   -2.869275104
    6.137054155  106.924108750   -2.067469798
    6.207612507  106.779127277   -2.049200095
    6.278170859  106.652775635   -1.497521684
    6.348729211  106.590012942   -0.329866137
    6.419287563  106.617160416    0.753603375
    6.489845915  106.693659935    0.754554411
    6.560404268  106.721913319    0.006472196
    6.630962620  106.699025340    0.108762144
    6.701520972  106.739597227    1.474452328
    6.772079324  106.941127124    3.996078873
    6.842637676  107.272628501    5.254080782
    6.913196028  107.631199499    4.707817128
    6.983754380  107.908756889    2.891668910
    7.054312732  108.019475477    0.122685557
    7.124871085  107.954560444   -1.867868750
    7.195429437  107.770778542   -3.010366133
    7.265987789  107.570408541   -2.214252338
    7.336546141  107.524720335    1.068931352
    7.407104493  107.766984646    5.818794525
    7.477662845  108.293594409    8.568731607
    7.548221197  108.816680239    5.800655197
    7.618779549  109.049006796    0.574808533
    7.689337901  108.979891579   -2.221926464
    7.759896254  108.811705890   -2.101577096
    7.830454606  108.765716449    1.368019752
    7.901012958  109.022817816   -8.501009501
    7.971571310  108.546361533   -2.686302977
    8.042129662  108.997443572   17.509308219
    8.112688014  110.934902767   32.824976391
    8.183246366  112.265817046  -10.420735880
    8.253804718  106.835098800 -162.505243679
    8.324363070   87.358278819 -393.852224650
    8.394921423   52.852361920 -555.037192932
    8.465479775   15.620615467 -439.764364435
    8.536038127    0.000000000   58.965001245
    8.606596479   30.493303848  829.344366253
    8.677154831  116.471825299 1575.763992905
    8.747713183  245.144938289 2000.696751012
    8.818271535  388.187886249 1982.164193184
    8.888829887  516.575980272 1615.329225552
    8.959388239  612.902308968 1110.129268840
    9.029946592  674.433360951  652.696131476
    9.100504944  708.290089169  331.464595845
    9.171063296  724.437189672  146.016998121
    9.241621648  731.130817822   55.642451901
    9.312180000  733.413151467    0.013253537
