#! FIELDS d_abs file.free der_d_abs
#! SET min_d_abs -0.707106
#! SET max_d_abs 9.39803
#! SET nbins_d_abs  144
#! SET periodic_d_abs false
   -0.707106000  356.042171427   -0.000000000
   -0.636440713  355.384287485  -17.159727508
   -0.565775427  353.288026662  -46.180195877
   -0.495110140  348.119965973 -106.871374749
   -0.424444853  337.038670686 -215.553420121
   -0.353779566  316.412574205 -376.081417909
   -0.283114280  283.143895836 -566.166533438
   -0.212448993  237.085100228 -726.662469693
   -0.141783706  182.805499933 -788.026858676
   -0.071118420  129.081965882 -708.950531076
   -0.000453133   85.403755171 -513.707984177
    0.070212154   57.244022502 -286.071971011
    0.140877441   43.565911154 -116.025059956
    0.211542727   38.492747306  -43.608323220
    0.282208014   35.752087532  -40.757719826
    0.352873301   32.477716385  -49.711329752
    0.423538587   29.371100246  -33.387793584
    0.494203874   28.206726083    1.031536240
    0.564869161   29.114387935   19.426022725
    0.635534448   30.015025854   -0.937245271
    0.706199734   28.253629423  -51.449649203
    0.776865021   22.718494438  -95.887792432
    0.847530308   15.792590426  -91.383325081
    0.918195594   10.966510735  -39.236286629
    0.988860881   10.603596121   27.792796194
    1.059526168   14.197041359   66.220089926
    1.130191455   18.800801755   57.362515232
    1.200856741   21.685823623   22.784682410
    1.271522028   22.335883410    0.687939639
    1.342187315   22.732389061   17.229789900
    1.412852601   25.596148076   67.109272402
    1.483517888   32.291471898  120.004914802
    1.554183175   41.864483936  144.072412829
    1.624848462   51.616926915  124.825990978
    1.695513748   58.714455958   71.876616669
    1.766179035   61.425355171    3.752639061
    1.836844322   59.257549227  -64.033214256
    1.907509608   52.664894513 -119.551351028
    1.978174895   42.885798919 -152.712788155
    2.048840182   31.744655896 -157.619406969
    2.119505469   21.393593345 -130.278571803
    2.190170755   13.944579268  -77.634417423
    2.260836042   10.606228340  -16.824297074
    2.331501329   11.323361383   34.229553292
    2.402166615   14.975485476   66.298162949
    2.472831902   20.362552183   84.594337688
    2.543497189   26.891749621  101.050017953
    2.614162476   34.755163637  121.358778405
    2.684827762   43.917087887  135.641619591
    2.755493049   53.412495903  128.396307046
    2.826158336   61.429799252   94.330349114
    2.896823622   66.383864640   45.492999649
    2.967488909   67.991111276    2.515827547
    3.038154196   67.242007856  -19.729991730
    3.108819483   65.676645191  -21.635760720
    3.179484769   64.437604504  -12.763271362
    3.250150056   63.836643857   -4.323362294
    3.320815343   63.821403680    4.045908503
    3.391480629   64.449647574   13.634469685
    3.462145916   65.676800905   20.549575785
    3.532811203   67.207848161   20.892112677
    3.603476490   68.301708318    8.093954813
    3.674141776   68.180953009  -11.831744883
    3.744807063   66.785344092  -25.890704295
    3.815472350   64.824707424  -26.855941005
    3.886137636   63.248174959  -16.664721920
    3.956802923   62.533381562   -4.137278193
    4.027468210   62.516767801    2.547166443
    4.098133497   62.734994995    2.631778918
    4.168798783   62.829142206   -0.492645446
    4.239464070   62.672130865   -3.792038641
    4.310129357   62.338737826   -5.496896564
    4.380794643   61.869765004   -7.650533252
    4.451459930   61.200895978  -11.437693968
    4.522125217   60.186931726  -17.534799828
    4.592790503   58.705300181  -24.864972725
    4.663455790   56.655638814  -32.849445874
    4.734121077   54.138653395  -37.552043034
    4.804786364   51.478396814  -36.822555304
    4.875451650   49.057396280  -30.818630556
    4.946116937   47.216789838  -21.217644795
    5.016782224   46.002179779  -13.809018244
    5.087447510   45.137113078  -11.366186158
    5.158112797   44.318392499  -12.673164873
    5.228778084   43.307135127  -15.670632736
    5.299443371   42.203270647  -14.617706998
    5.370108657   41.424722759   -6.380226924
    5.440773944   41.469783804    8.597987068
    5.511439231   42.654196422   24.324764618
    5.582104517   44.783630798   34.047611095
    5.652769804   47.222678620   33.160776453
    5.723435091   49.271981923   24.082351237
    5.794100378   50.629562564   15.405195052
    5.864765664   51.555521394   12.206834224
    5.935430951   52.512838216   15.446329282
    6.006096238   53.772338825   19.489847720
    6.076761524   55.200282909   19.863616319
    6.147426811   56.438857208   14.147999146
    6.218092098   57.080372511    3.077818414
    6.288757385   56.828927888  -10.150647247
    6.359422671   55.669691086  -22.194020415
    6.430087958   53.781345302  -30.335712764
    6.500753245   51.515112486  -32.832224350
    6.571418531   49.229863534  -31.557675328
    6.642083818   47.075549522  -29.401919760
    6.712749105   45.061414068  -27.944008177
    6.783414392   43.069031918  -28.628138222
    6.854079678   40.997544922  -30.123485387
    6.924744965   38.861199264  -29.860255309
    6.995410252   36.825549313  -27.876393101
    7.066075538   34.958669110  -25.006202485
    7.136740825   33.278099599  -22.507527427
    7.207406112   31.788319615  -19.267848348
    7.278071399   30.601068378  -13.644478659
    7.348736685   30.008800960   -2.353776862
    7.419401972   30.406017741   14.104001736
    7.490067259   32.071071962   32.764328279
    7.560732545   34.923440370   46.332658241
    7.631397832   38.363771444   48.448079116
    7.702063119   41.430764878   36.319815729
    7.772728406   43.172780781   11.114379257
    7.843393692   42.754583639  -24.302549678
    7.914058979   39.619411661  -64.539886269
    7.984724266   33.760693872 -105.054736494
    8.055389552   25.613669816 -120.418440928
    8.126054839   17.572854089 -101.187263460
    8.196720126   11.959825080  -55.004933116
    8.267385413    9.702414480  -12.909938533
    8.338050699    9.203647329   -9.183798893
    8.408715986    7.395793072  -45.969065709
    8.479381273    3.023029047  -68.651934080
    8.550046559    0.000000000    4.968140259
    8.620711846    7.082545390  217.681097217
    8.691377133   32.997869176  522.254349118
    8.762042420   80.259356495  799.589966344
    8.832707706  142.561776334  933.535986067
    8.903372993  207.825254084  884.797990267
    8.974038280  264.392484037  700.785593250
    9.044703566  305.819785472  471.457883558
    9.115368853  331.785515736  272.687265520
    9.186034140  345.856042087  136.486807823
    9.256699427  352.474437041   59.279145278
    9.327364713  355.173460673   21.968151273
    9.398030000  356.042171427   -0.000000000
