#! FIELDS time d_abs s2.mean
 0.000000 7.871990 0.847227
 1000.000000 0.928764 0.824733
 2000.000000 0.139525 0.826411
 3000.000000 3.300098 0.836879
 4000.000000 6.301105 0.838394
 5000.000000 3.623438 0.848499
 6000.000000 8.627674 0.846550
 7000.000000 6.601704 0.848346
 8000.000000 7.360452 0.835730
 9000.000000 2.963362 0.838775
 10000.000000 1.411282 0.833579
 11000.000000 0.749235 0.846068
 12000.000000 3.171805 0.835711
 13000.000000 4.316306 0.838189
 14000.000000 7.445869 0.840293
 15000.000000 4.007865 0.837204
 16000.000000 8.693792 0.831732
 17000.000000 7.328158 0.837821
 18000.000000 5.694602 0.826300
 19000.000000 2.764004 0.825759
 20000.000000 1.869526 0.839433
 21000.000000 1.800049 0.818608
 22000.000000 2.220725 0.850207
 23000.000000 6.063193 0.835903
 24000.000000 3.363927 0.840010
 25000.000000 7.481327 0.855137
 26000.000000 8.394404 0.846684
 27000.000000 5.183332 0.838801
 28000.000000 8.302037 0.852940
 29000.000000 8.695111 0.857981
 30000.000000 8.686433 0.844335
 31000.000000 8.696514 0.853288
 32000.000000 6.219207 0.841592
 33000.000000 4.684159 0.837306
 34000.000000 4.355891 0.831240
 35000.000000 2.967213 0.846705
 36000.000000 4.705359 0.809388
 37000.000000 7.104798 0.811900
 38000.000000 6.662278 0.823365
 39000.000000 6.175986 0.842394
 40000.000000 3.476913 0.814524
 41000.000000 2.544436 0.832695
 42000.000000 3.481466 0.821373
 43000.000000 6.851584 0.845683
 44000.000000 5.124044 0.840625
 45000.000000 5.535664 0.845015
 46000.000000 3.550634 0.838338
 47000.000000 7.966342 0.835654
 48000.000000 8.230362 0.816876
 49000.000000 8.264750 0.817695
 50000.000000 7.076988 0.834991
 51000.000000 4.361070 0.840934
 52000.000000 7.164262 0.833719
 53000.000000 8.182160 0.849491
 54000.000000 4.800416 0.840187
 55000.000000 5.596785 0.862172
 56000.000000 2.722615 0.845151
 57000.000000 2.039148 0.848818
 58000.000000 1.502151 0.852470
 59000.000000 0.010721 0.847334
 60000.000000 0.000696 0.856831
 61000.000000 1.092533 0.854414
 62000.000000 0.510157 0.852230
 63000.000000 0.819639 0.847566
 64000.000000 0.386139 0.849748
 65000.000000 0.641173 0.857293
 66000.000000 0.004495 0.845416
 67000.000000 0.007465 0.859423
 68000.000000 0.004800 0.849250
 69000.000000 0.003463 0.845470
 70000.000000 0.003686 0.846714
 71000.000000 0.003783 0.849518
 72000.000000 0.000322 0.855734
 73000.000000 0.004862 0.861219
 74000.000000 0.003999 0.843571
 75000.000000 0.000797 0.836706
 76000.000000 0.004007 0.836591
 77000.000000 0.000883 0.829674
 78000.000000 0.000556 0.845410
 79000.000000 0.005846 0.837745
 80000.000000 0.003966 0.840018
 81000.000000 0.013771 0.825403
 82000.000000 0.002343 0.836066
 83000.000000 0.000162 0.841600
 84000.000000 0.000341 0.845122
 85000.000000 1.294853 0.830740
 86000.000000 1.450884 0.843721
 87000.000000 1.848560 0.828464
 88000.000000 1.962265 0.839673
 89000.000000 2.377185 0.820128
 90000.000000 2.925773 0.829879
 91000.000000 3.656889 0.819834
 92000.000000 5.413256 0.824201
 93000.000000 7.064446 0.842729
 94000.000000 6.354696 0.842187
 95000.000000 8.257978 0.828187
 96000.000000 6.757164 0.834123
 97000.000000 3.454500 0.854998
 98000.000000 2.539643 0.841695
 99000.000000 4.114957 0.841645
 100000.000000 5.307734 0.845905
 101000.000000 4.125988 0.837881
 102000.000000 3.150700 0.851464
 103000.000000 7.753522 0.864198
 104000.000000 7.418489 0.843787
 105000.000000 7.049190 0.857479
 106000.000000 4.935091 0.849030
 107000.000000 4.883676 0.831803
 108000.000000 3.984142 0.825226
 109000.000000 2.703641 0.833723
 110000.000000 6.471533 0.844416
 111000.000000 8.337667 0.839811
 112000.000000 6.626346 0.855289
 113000.000000 5.163889 0.863133
 114000.000000 8.015331 0.833717
 115000.000000 8.378206 0.850456
 116000.000000 7.996441 0.861845
 117000.000000 3.784752 0.849039
 118000.000000 4.984997 0.839266
 119000.000000 4.868443 0.848604
 120000.000000 5.992067 0.839105
 121000.000000 3.070389 0.843289
 122000.000000 5.310560 0.828337
 123000.000000 6.777929 0.829954
 124000.000000 8.389117 0.840744
 125000.000000 6.203900 0.838242
 126000.000000 3.296938 0.841685
 127000.000000 4.537147 0.827357
 128000.000000 3.028959 0.840066
 129000.000000 2.214742 0.841344
 130000.000000 2.180248 0.849215
 131000.000000 1.722746 0.844359
 132000.000000 1.184141 0.844438
 133000.000000 1.169033 0.827357
 134000.000000 1.335794 0.847574
 135000.000000 1.457908 0.842940
 136000.000000 1.914109 0.849565
 137000.000000 1.297133 0.850895
 138000.000000 1.741566 0.851287
 139000.000000 1.698281 0.848915
 140000.000000 1.119280 0.865939
 141000.000000 0.727954 0.863157
 142000.000000 0.612390 0.858654
 143000.000000 0.503715 0.860540
 144000.000000 0.898281 0.856051
 145000.000000 1.132647 0.845313
 146000.000000 1.054594 0.840133
 147000.000000 0.452140 0.845315
 148000.000000 0.714633 0.862193
 149000.000000 0.472237 0.861747
 150000.000000 0.765092 0.868518
 151000.000000 1.111502 0.860236
 152000.000000 1.240628 0.845800
 153000.000000 1.083061 0.847642
 154000.000000 1.402276 0.857594
 155000.000000 0.867935 0.859407
 156000.000000 0.380708 0.831748
 157000.000000 0.378627 0.836433
 158000.000000 0.428557 0.839609
 159000.000000 0.379571 0.841582
 160000.000000 0.741588 0.823045
 161000.000000 0.443314 0.837869
 162000.000000 0.423244 0.844373
 163000.000000 0.800642 0.837627
 164000.000000 1.110390 0.824938
 165000.000000 1.146596 0.840017
 166000.000000 0.800291 0.859009
 167000.000000 1.628510 0.844600
 168000.000000 2.054813 0.827164
 169000.000000 2.499564 0.837026
 170000.000000 2.008753 0.845096
 171000.000000 1.814175 0.845634
 172000.000000 1.824629 0.856735
 173000.000000 1.684935 0.849043
 174000.000000 1.708205 0.860302
 175000.000000 1.769904 0.851039
 176000.000000 3.141382 0.840084
 177000.000000 3.198954 0.838166
 178000.000000 4.945490 0.836150
 179000.000000 7.173695 0.823543
 180000.000000 5.320605 0.826810
 181000.000000 7.738925 0.838360
 182000.000000 8.688281 0.842355
 183000.000000 8.694105 0.834228
 184000.000000 8.696573 0.838988
 185000.000000 8.695528 0.840860
 186000.000000 8.684189 0.838319
 187000.000000 8.696672 0.844202
 188000.000000 8.684952 0.839865
 189000.000000 8.696362 0.841148
 190000.000000 8.687901 0.841226
 191000.000000 8.695200 0.841044
 192000.000000 8.696245 0.828864
 193000.000000 8.689478 0.853765
 194000.000000 8.690962 0.834866
 195000.000000 8.696247 0.835196
 196000.000000 8.696399 0.831328
 197000.000000 8.694024 0.851685
 198000.000000 8.695608 0.849752
 199000.000000 8.689358 0.836294
 200000.000000 8.696674 0.840682
