#! FIELDS d_abs file.free der_d_abs
#! SET min_d_abs -0.707106
#! SET max_d_abs 9.42989
#! SET nbins_d_abs  145
#! SET periodic_d_abs false
   -0.707106000  801.555539778   -0.001665277
   -0.636710194  799.479729367  -51.027346429
   -0.566314389  793.334183841 -134.640018787
   -0.495918583  778.443714782 -306.768069638
   -0.425522778  747.111063473 -606.742068674
   -0.355126972  689.878452576 -1038.029571605
   -0.284731167  599.566817821 -1525.566992139
   -0.214335361  477.716492791 -1900.320941010
   -0.143939556  339.321062648 -1967.041120546
   -0.073543750  210.425089995 -1628.960725658
   -0.003147944  117.390733700 -981.401537982
    0.067247861   73.411776445 -284.663433295
    0.137643667   72.105686192  196.387199995
    0.208039472   93.350673275  356.210114141
    0.278435278  116.763980257  284.721350572
    0.348831083  132.191834837  157.155038438
    0.419226889  140.375120413   89.228899339
    0.489622694  146.414616089   89.670433786
    0.560018500  153.280804608  102.479476012
    0.630414306  160.096773726   84.899525870
    0.700810111  164.555111195   39.731725037
    0.771205917  165.088870044   -9.712703530
    0.841601722  163.805097082  -23.016612992
    0.911997528  162.332378702  -16.164479702
    0.982393333  161.645340206   -3.353230574
    1.052789139  161.681112765    1.855469435
    1.123184944  161.569073733   -7.339136499
    1.193580750  160.425921950  -26.267207158
    1.263976556  157.880697629  -44.464234420
    1.334372361  154.484017764  -48.747562905
    1.404768167  151.486315962  -33.392534450
    1.475163972  150.092472416   -5.066516526
    1.545559778  150.688629752   20.145647516
    1.615955583  152.541202757   29.377741474
    1.686351389  154.473971884   23.943310541
    1.756747194  155.867710224   16.276391309
    1.827143000  156.952992937   16.601432529
    1.897538806  158.470445897   27.783518580
    1.967934611  161.022803295   44.694404744
    2.038330417  164.760667898   61.217769837
    2.108726222  169.529753851   73.486426614
    2.179122028  174.939377942   78.533367887
    2.249517833  180.388166080   74.911911165
    2.319913639  185.258738376   61.931300413
    2.390309444  188.959112423   42.616952237
    2.460705250  191.196009745   20.406888210
    2.531101056  191.876310463   -0.249915244
    2.601496861  191.263050251  -16.141802902
    2.671892667  189.758630669  -25.180979223
    2.742288472  187.842243384  -28.548444572
    2.812684278  185.789244629  -29.094333375
    2.883080083  183.781488081  -27.878635850
    2.953475889  181.879729250  -26.194582458
    3.023871694  180.081353050  -24.682969943
    3.094267500  178.421482843  -22.380143931
    3.164663306  176.982386567  -18.384364498
    3.235059111  175.869704150  -13.463761782
    3.305454917  174.995576950  -11.850261813
    3.375850722  174.149450322  -12.919910594
    3.446246528  173.157988232  -14.965387543
    3.516642333  172.074519708  -15.383855830
    3.587038139  171.099723026  -11.738917036
    3.657433944  170.482918011   -5.714549204
    3.727829750  170.233549307   -2.039134943
    3.798225556  170.113888298   -2.099645392
    3.868621361  169.864517023   -4.998706775
    3.939017167  169.491147825   -4.844122913
    4.009412972  169.279061709   -0.649045567
    4.079808778  169.439519633    5.231925267
    4.150204583  169.945537294    8.406339208
    4.220600389  170.482282791    6.158212755
    4.290996194  170.703566431   -0.151992876
    4.361392000  170.485420363   -5.509755487
    4.431787806  169.996145136   -7.720400481
    4.502183611  169.445975143   -7.621857466
    4.572579417  168.899175797   -8.042002385
    4.642975222  168.329792115   -8.096772290
    4.713371028  167.808066430   -6.135559870
    4.783766833  167.561964104   -0.422089554
    4.854162639  167.748073373    5.761538459
    4.924558444  168.302633069    9.309934393
    4.994954250  168.953252718    8.423180158
    5.065350056  169.469167500    6.203542908
    5.135745861  169.853920163    4.942180138
    5.206141667  170.227655151    5.836600651
    5.276537472  170.652648281    6.270412782
    5.346933278  171.042574833    4.073183516
    5.417329083  171.159377362   -0.860537001
    5.487724889  170.991372868   -3.903226063
    5.558120694  170.709021098   -3.649554319
    5.628516500  170.550131491   -0.659756831
    5.698912306  170.599557622    1.466708389
    5.769308111  170.674566469   -0.004454118
    5.839703917  170.533120560   -3.946869910
    5.910099722  170.160428011   -6.064456323
    5.980495528  169.721336503   -5.643069443
    6.050891333  169.410618066   -2.738504977
    6.121287139  169.298214008   -0.813686854
    6.191682944  169.270965145   -0.331302099
    6.262078750  169.217291869   -1.421076282
    6.332474556  169.090902460   -2.145774238
    6.402870361  168.879264692   -3.755158883
    6.473266167  168.607302464   -4.068414794
    6.543661972  168.245342844   -6.800455331
    6.614057778  167.642947473  -10.378764447
    6.684453583  166.819848742  -12.477556416
    6.754849389  165.902950681  -13.260509903
    6.825245194  165.036759976  -11.035435736
    6.895641000  164.379195168   -7.723534608
    6.966036806  163.902132713   -5.541618325
    7.036432611  163.595346653   -2.939519438
    7.106828417  163.502570774    0.385456195
    7.177224222  163.623920333    3.046245134
    7.247620028  163.916336666    4.905338942
    7.318015833  164.260965112    4.654526468
    7.388411639  164.545032871    3.654725834
    7.458807444  164.794273095    3.800362293
    7.529203250  165.083549264    4.391992939
    7.599599056  165.339412702    2.207490378
    7.669994861  165.209978050   -6.977532601
    7.740390667  164.316093957  -17.603270948
    7.810786472  162.883826346  -21.287516931
    7.881182278  161.579879004  -14.090043926
    7.951578083  161.080220858    0.944605794
    8.021973889  161.624497563   -0.630127727
    8.092369694  161.815315007    6.106946204
    8.162765500  162.468675377   11.658282934
    8.233161306  163.007554485   -3.319135774
    8.303557111  160.317481325  -89.803910863
    8.373952917  147.613360919 -289.996343192
    8.444348722  117.734331827 -559.916343779
    8.514744528   71.064396044 -730.115434546
    8.585140333   22.594207386 -577.905611960
    8.655536139    0.000000000    4.414149240
    8.725931944   30.317663968  882.294463950
    8.796327750  123.364815307 1724.156492039
    8.866723556  264.336477684 2201.679522160
    8.937119361  421.529965985 2184.660222837
    9.007515167  562.757515370 1781.506117680
    9.077910972  668.758607018 1224.422728120
    9.148306778  736.487981568  720.579229901
    9.218702583  773.802106315  366.563982188
    9.289098389  791.623248317  161.534914813
    9.359494194  799.023176455   61.925269631
    9.429890000  801.555539778   -0.000000000
