#! FIELDS d_abs file.free der_d_abs
#! SET min_d_abs -0.707107
#! SET max_d_abs 9.37945
#! SET nbins_d_abs  144
#! SET periodic_d_abs false
   -0.707107000  660.298064447   -0.000000000
   -0.636571636  659.319255174  -24.669308794
   -0.566036273  656.338340990  -65.347581319
   -0.495500909  649.066683238 -149.991103013
   -0.424965545  633.655448083 -298.902631144
   -0.354430182  605.308077590 -514.331655269
   -0.283894818  560.346506040 -759.945040431
   -0.213359455  499.305354379 -953.174938447
   -0.142824091  429.509372944 -993.887399187
   -0.072288727  364.034739280 -828.799200408
   -0.001753364  316.446469161 -502.528473783
    0.068782000  293.930682574 -143.365552765
    0.139317364  293.729529563  112.188124013
    0.209852727  305.810180049  203.432771198
    0.280388091  319.410846731  167.781215630
    0.350923455  328.507542520   89.775644169
    0.421458818  332.638568240   33.352446813
    0.491994182  334.000660725    8.982999200
    0.562529545  334.053867310   -8.737742693
    0.633064909  332.436319277  -39.732247246
    0.703600273  328.205011663  -80.328096235
    0.774135636  320.980314513 -115.769563364
    0.844671000  312.398987996 -124.499256448
    0.915206364  303.865744884 -115.250950192
    0.985741727  296.284013516  -99.211063795
    1.056277091  289.854106907  -83.067693958
    1.126812455  284.539418135  -67.441394219
    1.197347818  280.425538901  -47.782546808
    1.267883182  277.884049171  -24.317160450
    1.338418545  276.850772412   -7.543664171
    1.408953909  276.244933536  -14.656997614
    1.479489273  274.048919995  -52.059132693
    1.550024636  268.433514516 -108.589258172
    1.620560000  258.694536496 -166.202252320
    1.691095364  245.366218284 -208.295522118
    1.761630727  229.844823454 -227.868866955
    1.832166091  213.786941898 -224.160403038
    1.902701455  198.616601448 -202.909725789
    1.973236818  185.486828144 -167.534450305
    2.043772182  175.224613541 -122.160970037
    2.114307545  168.334143045  -73.435437919
    2.184842909  164.727564894  -30.728508679
    2.255378273  163.708581025   -0.094183939
    2.325913636  164.524250346   21.675665113
    2.396449000  166.657154889   38.654838095
    2.466984364  169.926065439   53.219598503
    2.537519727  173.926552195   57.837727937
    2.608055091  177.666517826   45.341466138
    2.678590455  179.943277590   17.049985958
    2.749125818  179.914929809  -17.519548493
    2.819661182  177.653990732  -44.252320965
    2.890196545  174.150511460  -51.614613494
    2.960731909  170.811809148  -40.861305661
    3.031267273  168.540935253  -22.896468845
    3.101802636  167.582361931   -4.773644599
    3.172338000  167.735217919    8.473154074
    3.242873364  168.682563423   17.908605867
    3.313408727  170.191745280   25.028702002
    3.383944091  172.202046153   31.188401030
    3.454479455  174.510441136   33.612317635
    3.525014818  176.818142017   30.914642763
    3.595550182  178.773541303   23.994590636
    3.666085545  180.184208368   15.981551450
    3.736620909  181.055724095    9.185157932
    3.807156273  181.528571502    3.970471440
    3.877691636  181.599308211   -1.999654240
    3.948227000  181.212813618   -8.617166826
    4.018762364  180.431252624  -12.513391840
    4.089297727  179.632335858   -9.370633417
    4.159833091  179.251097437   -0.713893462
    4.230368455  179.553463172    8.948691078
    4.300903818  180.434431162   14.862272238
    4.371439182  181.456554340   12.587534434
    4.441974545  182.109857252    5.515913869
    4.512509909  182.248757596   -0.834541705
    4.583045273  182.083467939   -2.789260010
    4.653580636  181.988942723    0.739596482
    4.724116000  182.224141967    5.646927589
    4.794651364  182.731961769    7.807376255
    4.865186727  183.242413057    5.979201231
    4.935722091  183.525204928    1.922273508
    5.006257455  183.540530897   -1.095734099
    5.076792818  183.452158600   -1.175227622
    5.147328182  183.419189390    0.292491045
    5.217863545  183.463529791    0.294617226
    5.288398909  183.418674524   -1.769315617
    5.358934273  183.209231383   -3.913628499
    5.429469636  182.881160288   -4.821291765
    5.500005000  182.566835115   -4.005539727
    5.570540364  182.331075300   -3.377087061
    5.641075727  182.064059079   -4.511880398
    5.711611091  181.685264781   -6.111509310
    5.782146455  181.247802412   -5.494637620
    5.852681818  181.025427987   -0.113789125
    5.923217182  181.295712826    7.439893849
    5.993752545  181.972168333   10.564544274
    6.064287909  182.636167052    6.753167270
    6.134823273  182.829731737   -1.659922995
    6.205358636  182.424973758   -9.370825790
    6.275894000  181.635364227  -12.139535428
    6.346429364  180.849893934   -9.857838792
    6.416964727  180.303707620   -5.627701683
    6.487500091  180.037861223   -2.183329879
    6.558035455  179.924310102   -1.630117558
    6.628570818  179.739902498   -4.094413169
    6.699106182  179.268285602   -9.607105847
    6.769641545  178.347232117  -16.590464589
    6.840176909  176.879025668  -24.777490837
    6.910712273  174.912934189  -30.583501037
    6.981247636  172.650002342  -33.307657858
    7.051783000  170.373918034  -30.374466429
    7.122318364  168.473533843  -23.022139979
    7.192853727  167.200038419  -13.153990689
    7.263389091  166.574846275   -5.362290528
    7.333924455  166.365820871   -1.736219848
    7.404459818  166.251270500   -2.122640715
    7.474995182  166.028958674   -4.497639092
    7.545530545  165.613150601   -7.376821021
    7.616065909  165.012901528   -9.564015527
    7.686601273  164.374252852   -7.409525438
    7.757136636  164.115981437    0.642872239
    7.827672000  164.476261802    8.311130543
    7.898207364  165.097110561    7.284652225
    7.968742727  165.043015452  -23.918600404
    8.039278091  162.241322185  -55.402429307
    8.109813455  157.415078606  -79.425526113
    8.180348818  151.106748217 -101.568388936
    8.250884182  142.178914275 -162.325343515
    8.321419545  126.290167410 -302.613249274
    8.391954909   98.125332165 -497.088261813
    8.462490273   57.973390550 -612.736501992
    8.533025636   17.843129073 -469.781705736
    8.603561000    0.000000000   18.832573551
    8.674096364   26.170774619  742.620846210
    8.744631727  103.902834605 1430.065587859
    8.815167091  220.618027765 1813.842775994
    8.885702455  350.061173894 1791.420953255
    8.956237818  465.874119122 1454.926380009
    9.026773182  552.488543814  996.800344517
    9.097308545  607.655184989  584.540103662
    9.167843909  637.931252575  296.243523129
    9.238379273  652.342228077  130.022868757
    9.308914636  658.294918940   49.487931478
    9.379450000  660.298064447   -0.000000000
