#! FIELDS d_abs file.free der_d_abs
#! SET min_d_abs -0.707105
#! SET max_d_abs 9.29546
#! SET nbins_d_abs  143
#! SET periodic_d_abs false
   -0.707105000  775.728168568   -0.000000000
   -0.636664401  773.373591085  -57.578258377
   -0.566223803  766.454733256 -151.032899744
   -0.495783204  749.797738678 -342.444773471
   -0.425342606  714.917447215 -673.259806206
   -0.354902007  651.527760687 -1146.262996881
   -0.284461408  552.111429963 -1671.560135973
   -0.214020810  419.287831896 -2057.372936066
   -0.143580211  270.638875144 -2090.709892158
   -0.073139613  135.472668363 -1675.180750086
   -0.002699014   42.477854657 -932.321351791
    0.067741585    4.783185956 -160.987433264
    0.138182183   13.492567899  348.785730301
    0.208622782   45.155025161  493.251918697
    0.279063380   76.934085509  383.036292565
    0.349503979   97.795470474  213.307000531
    0.419944577  108.597774705  108.332535047
    0.490385176  114.835593522   77.179732076
    0.560825775  119.918144015   65.909956076
    0.631266373  123.657970562   36.597467703
    0.701706972  124.774840243   -4.793718637
    0.772147570  122.506710772  -41.853348130
    0.842588169  119.480565821  -41.093680605
    0.913028768  117.036029613  -27.436966803
    0.983469366  115.644246378  -12.711301512
    1.053909965  115.050059389   -5.699721383
    1.124350563  114.729012963   -3.678702740
    1.194791162  114.494992374   -3.606105594
    1.265231761  114.109559038   -8.504440754
    1.335672359  113.274858696  -15.459341656
    1.406112958  111.904816329  -23.764452607
    1.476553556  109.926660825  -32.340042167
    1.546994155  107.403856757  -39.378634021
    1.617434754  104.389734514  -46.431839094
    1.687875352  100.924810200  -51.420904544
    1.758315951   97.332997197  -49.377947534
    1.828756549   94.208188327  -37.065049027
    1.899197148   92.386688726  -13.564737466
    1.969637746   92.343590180   11.381361128
    2.040078345   93.758604059   26.843693766
    2.110518944   95.850848920   30.542171848
    2.180959542   97.873564725   26.020195503
    2.251400141   99.532791974   21.456742403
    2.321840739  100.942884165   18.899645842
    2.392281338  102.186152892   16.148041920
    2.462721937  103.099457895    8.894087964
    2.533162535  103.344069007   -2.196216494
    2.603603134  102.796080723  -12.587444581
    2.674043732  101.728846553  -16.188526890
    2.744484331  100.774831592   -9.860882811
    2.814924930  100.406438480   -1.016070536
    2.885365528  100.594634277    5.526775029
    2.955806127  101.046672736    5.862084367
    3.026246725  101.331776083    1.670378070
    3.096687324  101.293219828   -2.324814082
    3.167127923  101.103479800   -2.832079842
    3.237568521  100.931720052   -1.587324503
    3.308009120  100.894133362    0.595064522
    3.378449718  100.989809457    1.753085818
    3.448890317  101.116544180    1.955631018
    3.519330915  101.275227303    2.436940339
    3.589771514  101.440791774    2.358268055
    3.660212113  101.607450415    2.141999452
    3.730652711  101.702173526    0.611824691
    3.801093310  101.712997383   -0.604861300
    3.871533908  101.643100658   -1.366162478
    3.941974507  101.531157261   -1.660880718
    4.012415106  101.391629723   -2.275387819
    4.082855704  101.211546261   -3.095793289
    4.153296303  100.967569548   -4.195223807
    4.223736901  100.656887358   -4.948145552
    4.294177500  100.335933954   -4.060315353
    4.364618099  100.090506957   -2.767564575
    4.435058697   99.966158801   -0.916837122
    4.505499296   99.994261784    1.462207042
    4.575939894  100.151038398    2.711509111
    4.646380493  100.302169574    1.597769072
    4.716821092  100.344772467   -0.642587112
    4.787261690  100.208026752   -3.217973465
    4.857702289   99.912696841   -4.652449966
    4.928142887   99.600442668   -4.329879801
    4.998583486   99.301045392   -4.110614976
    5.069024085   99.023531292   -3.862065133
    5.139464683   98.754473147   -3.702369851
    5.209905282   98.521519063   -2.855008658
    5.280345880   98.395213056   -0.892715850
    5.350786479   98.395837937    0.824481145
    5.421227077   98.479400821    1.326009132
    5.491667676   98.585186322    1.765383829
    5.562108275   98.779436651    3.650379901
    5.632548873   99.116668779    5.754840583
    5.702989472   99.574529896    6.868047337
    5.773430070  100.011350221    5.209098420
    5.843870669  100.258463448    1.658285239
    5.914311268  100.305806063   -0.180535880
    5.984751866  100.282732937   -0.232676629
    6.055192465  100.290029943    0.610582744
    6.125633063  100.359140882    1.067316202
    6.196073662  100.393229216   -0.024110265
    6.266514261  100.371066284   -0.475821369
    6.336954859  100.363316185    0.143091095
    6.407395458  100.390044929    0.664595109
    6.477836056  100.444583611    0.735717458
    6.548276655  100.456987948   -0.437255221
    6.618717254  100.369975414   -1.959844061
    6.689157852  100.208945491   -2.502222301
    6.759598451  100.049044285   -2.174275221
    6.830039049   99.930240916   -1.219054727
    6.900479648   99.874413788   -0.145252636
    6.970920246   99.893196151    0.702971773
    7.041360845   99.957561969    0.597666597
    7.111801444   99.932139877   -1.764431039
    7.182242042   99.681559890   -5.420648164
    7.252682641   99.178778532   -8.135885874
    7.323123239   98.619225200   -7.074084919
    7.393563838   98.240172665   -3.415813079
    7.464004437   98.136729690    0.000075403
    7.534445035   98.161198472   -0.045395239
    7.604885634   98.060462744   -2.606719817
    7.675326232   97.834224159   -3.785402296
    7.745766831   97.510290071   -5.396844721
    7.816207430   97.061246948   -6.827820596
    7.886648028   96.540962588  -21.672622470
    7.957088627   95.114363454  -15.313206139
    8.027529225   94.921108381   13.172125785
    8.097969824   97.064105626   44.152915402
    8.168410423   99.777802066   17.349238447
    8.238851021   96.731170280 -124.762726983
    8.309291620   79.966388065 -356.895083795
    8.379732218   47.920324773 -523.621499934
    8.450172817   12.918073664 -407.881376474
    8.520613415    0.000000000  105.449150675
    8.591054014   34.619119193  902.476334153
    8.661494613  126.572872197 1675.064453118
    8.731935211  262.573080917 2112.456254769
    8.802375810  413.121412044 2087.369460823
    8.872816408  548.011806662 1699.040522254
    8.943257007  649.141068358 1167.139526483
    9.013697606  713.720372428  686.435508443
    9.084138204  749.281259997  349.111164763
    9.154578803  766.266005614  153.957684694
    9.225019401  773.317047234   58.836899194
    9.295460000  775.728168568   -0.000000000
