#! FIELDS d_abs file.free der_d_abs
#! SET min_d_abs -0.707105
#! SET max_d_abs 9.29546
#! SET nbins_d_abs  143
#! SET periodic_d_abs false
   -0.707105000  623.453908332   -0.000000000
   -0.636664401  621.625970010  -45.084923240
   -0.566223803  616.191968563 -118.758428995
   -0.495783204  603.078121652 -269.906905875
   -0.425342606  575.553476702 -531.752802470
   -0.354902007  525.425780779 -907.476574253
   -0.284461408  446.577809459 -1328.049564533
   -0.214020810  340.806762580 -1642.278526157
   -0.143580211  221.747698695 -1681.396922034
   -0.073139613  112.343269269 -1368.531893811
   -0.002699014   35.081651206 -799.688150887
    0.067741585    0.096032470 -212.759781455
    0.138182183    0.000000000  162.311777700
    0.208622782   16.001023493  247.492861603
    0.279063380   30.299007988  140.531330866
    0.349503979   35.262339587    7.845131302
    0.419944577   33.303458019  -47.378194303
    0.490385176   30.473344757  -24.068597239
    0.560825775   30.378410257   19.740159642
    0.631266373   32.618280960   38.058373269
    0.701706972   35.035119484   27.179545766
    0.772147570   35.636215657    0.943172404
    0.842588169   35.386792917   -6.822055068
    0.913028768   34.854325910   -7.661255735
    0.983469366   34.393634242   -5.132486648
    1.053909965   34.094797963   -3.729816705
    1.124350563   33.898619777   -1.129118277
    1.194791162   34.034719169    5.291742876
    1.265231761   34.654979297   11.930940142
    1.335672359   35.783972583   20.284150367
    1.406112958   37.506461456   28.107639370
    1.476553556   39.662484462   32.223929426
    1.546994155   41.919927447   30.247517037
    1.617434754   43.694670514   18.121764182
    1.687875352   44.295178233   -2.094273849
    1.758315951   43.407176335  -22.866811778
    1.828756549   41.236754184  -36.588672821
    1.899197148   38.572698942  -37.260993908
    1.969637746   36.175558719  -30.515586745
    2.040078345   34.236845975  -25.016404350
    2.110518944   32.592699360  -22.123820762
    2.180959542   31.155127858  -17.982299311
    2.251400141   30.297177519   -4.534345894
    2.321840739   30.742727185   18.514697782
    2.392281338   32.987263331   45.111101180
    2.462721937   36.915340926   64.488841674
    2.533162535   41.751704725   70.501152053
    2.603603134   46.524871894   63.400564082
    2.674043732   50.529044255   49.894921830
    2.744484331   53.612538677   37.800758475
    2.814924930   55.871256580   26.069015314
    2.885365528   57.328281029   15.359276748
    2.955806127   58.045952185    4.739583575
    3.026246725   58.065043591   -3.781612793
    3.096687324   57.643062004   -7.163004539
    3.167127923   57.203648414   -4.980117401
    3.237568521   56.962057397   -1.733281266
    3.308009120   56.924892787    0.390381590
    3.378449718   56.952181339   -0.124317778
    3.448890317   56.885589152   -1.472770149
    3.519330915   56.800800349   -0.662661786
    3.589771514   56.820687308    1.537991537
    3.660212113   57.025451238    3.894540095
    3.730652711   57.285896728    3.181107653
    3.801093310   57.442695665    0.713005903
    3.871533908   57.392672429   -2.029532478
    3.941974507   57.209936775   -2.629041308
    4.012415106   57.068560968   -0.927575042
    4.082855704   57.117738001    2.114978355
    4.153296303   57.355616394    3.889463346
    4.223736901   57.623919217    2.821182267
    4.294177500   57.733223255   -0.136535745
    4.364618099   57.561360579   -4.773479579
    4.435058697   57.087053641   -8.640990880
    4.505499296   56.426806373   -9.903645131
    4.575939894   55.741218020   -9.337501022
    4.646380493   55.105231524   -8.318584887
    4.716821092   54.588395768   -6.363950358
    4.787261690   54.219606592   -4.064001822
    4.857702289   54.021606942   -1.219526214
    4.928142887   54.064155504    2.069468432
    4.998583486   54.279760223    3.897489475
    5.069024085   54.591197905    4.723628705
    5.139464683   54.927534527    4.792742649
    5.209905282   55.267584998    4.774113130
    5.280345880   55.617843871    4.829316078
    5.350786479   55.926451192    3.697749948
    5.421227077   56.097164966    0.941223561
    5.491667676   56.073159034   -1.388138534
    5.562108275   55.982271251   -1.088294915
    5.632548873   55.969259799    0.744317578
    5.702989472   56.090712302    2.416667386
    5.773430070   56.245185911    1.664650029
    5.843870669   56.275150136   -0.968839581
    5.914311268   56.160983598   -2.177617702
    5.984751866   56.014116738   -1.811691459
    6.055192465   55.919000444   -0.755200920
    6.125633063   55.896962049   -0.172841070
    6.196073662   55.843463569   -1.301633701
    6.266514261   55.725276671   -1.972017398
    6.336954859   55.596080982   -1.847113792
    6.407395458   55.460571941   -1.950599577
    6.477836056   55.316155795   -2.214325886
    6.548276655   55.132199347   -2.899044512
    6.618717254   54.920190174   -2.861841998
    6.689157852   54.780437238   -0.897898042
    6.759598451   54.831423501    2.184994061
    6.830039049   55.102796385    5.336810194
    6.900479648   55.551123300    7.389778951
    6.970920246   56.098575597    8.011583475
    7.041360845   56.656126199    7.314888070
    7.111801444   57.101786869    5.089340723
    7.182242042   57.379604432    2.972432837
    7.252682641   57.540701370    2.271848294
    7.323123239   57.747607221    3.835032809
    7.393563838   58.072112238    5.183698379
    7.464004437   58.437294050    4.669716354
    7.534445035   58.684541202    2.129697238
    7.604885634   58.782833539    1.864388449
    7.675326232   59.108978195    8.040572868
    7.745766831   59.909812737   14.197801781
    7.816207430   60.919294815   13.014720136
    7.886648028   61.440104197   -8.825458222
    7.957088627   60.271559768  -21.789878426
    8.027529225   58.964334193   -9.826595264
    8.097969824   59.586568079   30.520728254
    8.168410423   63.095614946   63.411002575
    8.238851021   67.113814895   38.027712183
    8.309291620   66.851220908  -51.908588066
    8.379732218   60.198367214 -122.506938773
    8.450172817   53.323926367  -36.368502222
    8.520613415   60.799511583  287.761574112
    8.591054014   98.041635764  784.303357653
    8.661494613  170.739366735 1257.069478422
    8.731935211  269.789641604 1506.482788940
    8.802375810  375.733565323 1453.109145322
    8.872816408  468.959819359 1166.452730093
    8.943257007  538.062011456  793.644923333
    9.013697606  581.822242168  463.521369130
    9.084138204  605.780682604  234.608916187
    9.154578803  617.171164878  102.985642693
    9.225019401  621.876685421   39.097678529
    9.295460000  623.453908332   -0.000000000
