#! FIELDS d_abs file.free der_d_abs
#! SET min_d_abs -0.707106
#! SET max_d_abs 9.34052
#! SET nbins_d_abs  144
#! SET periodic_d_abs false
   -0.707106000  574.745183075   -0.000000000
   -0.636842881  573.442700024  -32.923023073
   -0.566579762  569.492728932  -86.588162545
   -0.496316643  559.934098663 -197.489273737
   -0.426053524  539.779685224 -391.477934039
   -0.355790406  502.829482109 -672.427369949
   -0.285527287  444.345402619 -991.239341481
   -0.215264168  365.175186613 -1239.120454990
   -0.145001049  274.927176547 -1287.842130112
   -0.074737930  190.566984984 -1069.721161546
   -0.004474811  129.548999876 -644.404128321
    0.065788308  100.893264818 -181.693771361
    0.136051427  100.611157014  139.343255055
    0.206314545  115.229911003  241.194011626
    0.276577664  130.537019241  176.019376793
    0.346840783  138.827916130   61.227779856
    0.417103902  140.183136377  -11.902493468
    0.487367021  138.654593937  -22.913569566
    0.557630140  137.717136515   -1.691895334
    0.627893259  138.355948595   17.752538879
    0.698156378  139.844198199   22.495085455
    0.768419497  140.904470386   14.023277512
    0.838682615  141.951967344   15.975028491
    0.908945734  143.167261091   18.493291122
    0.979208853  144.490309271   18.102825432
    1.049471972  145.460610805    7.721913825
    1.119735091  145.286824709  -14.216904920
    1.189998210  143.357956736  -40.463855224
    1.260261329  139.687158854  -62.269247575
    1.330524448  134.940079989  -70.725882739
    1.400787566  130.040620186  -67.209571597
    1.471050685  125.521662799  -62.077478873
    1.541313804  121.121209021  -64.714880719
    1.611576923  116.204590343  -76.508458634
    1.681840042  110.268941166  -92.038960981
    1.752103161  103.442904331 -100.288784397
    1.822366280   96.513797556  -94.428747274
    1.892629399   90.455833529  -76.213672588
    1.962892517   85.984894721  -49.774635264
    2.033155636   83.550304561  -19.331272431
    2.103418755   83.295017084   11.964517598
    2.173681874   85.167478849   40.197520967
    2.243944993   88.677376922   57.568800530
    2.314208112   92.921302130   60.589301263
    2.384471231   96.872870843   50.058948308
    2.454734350   99.754404238   31.181088459
    2.524997469  101.237937564   11.589719950
    2.595260587  101.525225641   -2.084770895
    2.665523706  101.104611270   -8.317224525
    2.735786825  100.551871090   -6.552291848
    2.806049944  100.248537094   -1.642929935
    2.876313063  100.291592863    2.520840172
    2.946576182  100.514056217    2.725994578
    3.016839301  100.578478258   -1.559435480
    3.087102420  100.226797636   -8.156183858
    3.157365538   99.526557363  -10.851302803
    3.227628657   98.818260315   -8.561989964
    3.297891776   98.397079249   -3.282034561
    3.368154895   98.342515849    1.658639341
    3.438418014   98.540283563    3.302037275
    3.508681133   98.773234161    3.246159311
    3.578944252   98.981607184    2.570078256
    3.649207371   99.097768188    0.633113530
    3.719470490   99.044311891   -2.472649085
    3.789733608   98.705215034   -7.289910589
    3.859996727   98.025305269  -11.946815445
    3.930259846   97.081286013  -14.597088604
    4.000522965   96.078698740  -13.579905169
    4.070786084   95.200980183  -11.353449557
    4.141049203   94.473414159   -9.981303381
    4.211312322   93.743497086  -11.055600207
    4.281575441   92.908467304  -12.396645686
    4.351838559   92.013999176  -12.887255562
    4.422101678   91.143789000  -11.502812632
    4.492364797   90.387537584  -10.102860611
    4.562627916   89.712133080   -9.450813829
    4.632891035   89.046008024   -9.673047024
    4.703154154   88.363991332   -9.824891774
    4.773417273   87.688040086   -9.301062651
    4.843680392   87.025217948   -9.629376126
    4.913943510   86.329511053  -10.296241604
    4.984206629   85.563858937  -11.625030640
    5.054469748   84.705898175  -12.765168631
    5.124732867   83.779848367  -13.000187935
    5.194995986   82.901005564  -11.603414583
    5.265259105   82.180810249   -8.857726690
    5.335522224   81.647952799   -6.531640338
    5.405785343   81.228925485   -5.713594984
    5.476048462   80.831669730   -5.663687533
    5.546311580   80.461473097   -5.181786608
    5.616574699   80.111225763   -4.578138828
    5.686837818   79.812594838   -4.057828269
    5.757100937   79.527018105   -4.323609393
    5.827364056   79.165464325   -5.827950159
    5.897627175   78.738977957   -6.124130628
    5.967890294   78.381975006   -3.582260944
    6.038153413   78.259552547    0.334791114
    6.108416531   78.403988533    3.576300073
    6.178679650   78.709874198    4.703716298
    6.248942769   78.982167024    2.862276202
    6.319205888   79.128367804    1.440347568
    6.389469007   79.234411262    1.562602893
    6.459732126   79.358736773    1.800958670
    6.529995245   79.431694656    0.017057773
    6.600258364   79.308650546   -3.765874423
    6.670521483   78.905414183   -7.550661938
    6.740784601   78.308635502   -9.038711204
    6.811047720   77.704592039   -7.666175966
    6.881310839   77.293257188   -3.915360319
    6.951573958   77.168143633   -0.031925255
    7.021837077   77.255843191    2.547915195
    7.092100196   77.499629013    3.989770324
    7.162363315   77.834563003    5.709167269
    7.232626434   78.244441611    6.358269837
    7.302889552   78.757811469    7.866117590
    7.373152671   79.291682955    7.055722669
    7.443415790   79.670414130    3.444105193
    7.513678909   79.736233620   -1.691109482
    7.583942028   79.469858564   -5.636093652
    7.654205147   79.035429522   -6.219340827
    7.724468266   78.723258751   -2.497965666
    7.794731385   78.636283547   -0.747931778
    7.864994503   78.548458169   -2.147969437
    7.935257622   78.167376376  -17.454548045
    8.005520741   76.843311625  -17.654031881
    8.075783860   76.064380056   -2.429256123
    8.146046979   76.474870832   10.483619015
    8.216310098   76.458060863  -22.438177807
    8.286573217   71.367375831 -136.049015133
    8.356836336   56.106978703 -299.183234731
    8.427099455   30.919990495 -393.068650880
    8.497362573    6.060683007 -268.303059896
    8.567625692    0.000000000  140.075094494
    8.637888811   30.108173667  731.017462446
    8.708151930  101.719274259 1279.420761241
    8.778415049  203.735483017 1569.701014066
    8.848678168  314.341274411 1525.533185188
    8.918941287  412.114813961 1227.781334046
    8.989204406  484.741010521  837.066131984
    9.059467524  530.833767416  489.714093678
    9.129730643  556.085914092  247.968790383
    9.199993762  568.099454841  108.938520693
    9.270256881  573.064810851   41.466459476
    9.340520000  574.745183074    0.001746467
