#! FIELDS d_abs file.free der_d_abs
#! SET min_d_abs -0.707106
#! SET max_d_abs 9.34052
#! SET nbins_d_abs  144
#! SET periodic_d_abs false
   -0.707106000  739.455455150   -0.000000000
   -0.636842881  737.544829669  -47.487285950
   -0.566579762  731.868656137 -124.200555383
   -0.496316643  718.190477574 -282.058220050
   -0.426053524  689.479478768 -556.491010460
   -0.355790406  637.109228980 -950.825751141
   -0.285527287  554.638434613 -1394.143062281
   -0.215264168  443.665160106 -1731.080606961
   -0.145001049  318.105220791 -1783.876025872
   -0.074737930  201.819522391 -1466.369344310
   -0.004474811  118.630179344 -873.043408380
    0.065788308   79.873021802 -248.125009668
    0.136051427   78.639093194  163.663133128
    0.206314545   95.581774549  270.983734641
    0.276577664  111.688140694  166.504829289
    0.346840783  118.131332393   23.668999168
    0.417103902  116.997589259  -38.666046478
    0.487367021  114.845463569  -11.886801012
    0.557630140  115.972009552   42.878006662
    0.627893259  120.168226829   69.235011848
    0.698156378  124.677224289   53.301301314
    0.768419497  126.540539956    8.814826132
    0.838682615  126.156867601  -18.037976780
    0.908945734  124.376722165  -29.675007242
    0.979208853  122.381623938  -25.126453162
    1.049471972  120.954032335  -15.426111870
    1.119735091  120.073648409  -10.864355336
    1.189998210  119.250699751  -13.654884889
    1.260261329  117.995027544  -22.428989368
    1.330524448  116.154604341  -29.441034044
    1.400787566  114.001874166  -30.812572410
    1.471050685  111.869817337  -29.934617374
    1.541313804  109.717724676  -31.915786809
    1.611576923  107.261234448  -38.824784606
    1.681840042  104.163740525  -49.299241921
    1.752103161  100.375783399  -57.922988631
    1.822366280   96.103286096  -63.290264277
    1.892629399   91.467581306  -68.839818489
    1.962892517   86.397211657  -75.112217465
    2.033155636   80.994292253  -77.631943130
    2.103418755   75.762981720  -68.909571410
    2.173681874   71.654143044  -46.155519361
    2.243944993   69.410370600  -17.431443037
    2.314208112   69.119662259    7.585868274
    2.384471231   70.201779467   21.066134014
    2.454734350   71.773845154   21.883034303
    2.524997469   73.097971858   15.185369041
    2.595260587   73.892188729    7.738020217
    2.665523706   74.209267790    2.048467836
    2.735786825   74.265619029   -0.166993638
    2.806049944   74.196801617   -1.481910040
    2.876313063   74.049530433   -2.634279298
    2.946576182   73.823746791   -4.128036891
    3.016839301   73.470778670   -6.033177494
    3.087102420   72.958110671   -8.107597097
    3.157365538   72.395914475   -7.334042613
    3.227628657   71.968461289   -4.675120984
    3.297891776   71.746683515   -1.860122576
    3.368154895   71.664547663   -0.556181255
    3.438418014   71.593497526   -1.856152238
    3.508681133   71.412060103   -3.030925203
    3.578944252   71.206131531   -2.557520073
    3.649207371   71.062593885   -1.313520766
    3.719470490   71.022515087    0.027988674
    3.789733608   71.028321117   -0.077350927
    3.859996727   70.992399324   -1.120665349
    3.930259846   70.877777571   -2.166726106
    4.000522965   70.755821151   -1.162807148
    4.070786084   70.730322436    0.588088645
    4.141049203   70.848531031    2.340141629
    4.211312322   71.025789662    2.491516804
    4.281575441   71.180960471    2.131752424
    4.351838559   71.308651924    1.513719043
    4.422101678   71.414625831    1.830462051
    4.492364797   71.562684112    2.445286142
    4.562627916   71.773923014    3.426165836
    4.632891035   72.051080210    4.322755283
    4.703154154   72.385480896    4.931327251
    4.773417273   72.738351319    5.042938278
    4.843680392   73.045259385    3.553097645
    4.913943510   73.244039517    2.102288236
    4.984206629   73.354826372    1.069016006
    5.054469748   73.415738891    0.687435018
    5.124732867   73.446879345    0.599706062
    5.194995986   73.491661392    0.841202907
    5.265259105   73.568535606    1.337326539
    5.335522224   73.668266248    1.380714506
    5.405785343   73.748915330    0.762771579
    5.476048462   73.782245163    0.259447850
    5.546311580   73.825305924    0.709756097
    5.616574699   73.893279079    1.487699864
    5.686837818   74.040976157    2.690709947
    5.757100937   74.267224051    3.568015281
    5.827364056   74.492389661    2.884892705
    5.897627175   74.671078760    2.036103549
    5.967890294   74.807640919    1.924008765
    6.038153413   74.931679703    1.740750878
    6.108416531   75.026488823    0.917521998
    6.178679650   75.043438132   -0.562805066
    6.248942769   74.902099771   -3.412403675
    6.319205888   74.603195443   -4.827057585
    6.389469007   74.279526403   -4.341872076
    6.459732126   74.022255592   -2.982249671
    6.529995245   73.831783438   -2.465957366
    6.600258364   73.650964271   -2.838105210
    6.670521483   73.426296419   -3.588990732
    6.740784601   73.164272237   -3.881750504
    6.811047720   72.890207800   -3.815860396
    6.881310839   72.649732851   -3.059349872
    6.951573958   72.473248754   -2.283593357
    7.021837077   72.312997890   -2.076660185
    7.092100196   72.177476445   -2.039017236
    7.162363315   72.057857844   -1.101969495
    7.232626434   71.979143592   -0.535158814
    7.302889552   72.053935609    2.619033909
    7.373152671   72.343489220    5.660622050
    7.443415790   72.801808618    7.106493592
    7.513678909   73.266762963    5.509192363
    7.583942028   73.526739014    1.556429962
    7.654205147   73.528292904   -1.029205048
    7.724468266   73.531634301    1.599532857
    7.794731385   73.754171627    4.295680245
    7.864994503   74.100404287    5.302536515
    7.935257622   74.297862862  -11.803647764
    8.005520741   73.394113792  -10.687222743
    8.075783860   73.338052530   12.718770150
    8.146046979   75.351660372   41.732325617
    8.216310098   78.042493117   21.178951253
    8.286573217   75.837507022 -102.488922626
    8.356836336   61.726685402 -303.619405849
    8.427099455   34.687352524 -438.043552512
    8.497362573    6.430529244 -308.596041990
    8.567625692    0.000000000  183.601433557
    8.637888811   38.163590854  923.712528533
    8.708151930  128.941800300 1627.119183223
    8.778415049  259.176711250 2010.740414590
    8.848678168  401.303632486 1966.123193112
    8.918941287  527.628839795 1590.294286267
    8.989204406  621.876552057 1088.457663990
    9.059467524  681.909531130  639.100849447
    9.129730643  714.918710333  324.757868536
    9.199993762  730.676646059  143.169759451
    9.270256881  737.214464313   54.749973887
    9.340520000  739.455455149    0.002217494
