#! FIELDS d_abs file.free der_d_abs
#! SET min_d_abs -0.707106
#! SET max_d_abs 9.34052
#! SET nbins_d_abs  144
#! SET periodic_d_abs false
   -0.707106000  642.326494195   -0.000000000
   -0.636842881  640.415868714  -47.487285950
   -0.566579762  634.739695181 -124.200555383
   -0.496316643  621.061516619 -282.058220050
   -0.426053524  592.350520593 -556.488899581
   -0.355790406  539.989459837 -950.356045537
   -0.285527287  457.634766438 -1390.813658892
   -0.215264168  347.101093792 -1721.026274188
   -0.145001049  222.683329912 -1759.799107124
   -0.074737930  108.919350087 -1416.343502580
   -0.004474811   30.588462984 -782.327987764
    0.065788308    0.000000000 -105.098144640
    0.136051427   10.691933784  358.547219225
    0.206314545   42.626478980  497.747379572
    0.276577664   74.700508353  386.863173568
    0.346840783   95.102836593  193.953452257
    0.417103902  103.237654853   52.059405802
    0.487367021  104.523539513   -2.534901238
    0.557630140  104.126340879   -4.069033032
    0.627893259  104.139445493    3.364088008
    0.698156378  104.322119820    0.037329413
    0.768419497  103.363291544  -17.450365371
    0.838682615  102.029268210  -20.533105508
    0.908945734  100.511073707  -22.462000702
    0.979208853   98.896705552  -23.740481428
    1.049471972   97.068374999  -28.931856196
    1.119735091   94.713911143  -38.506327675
    1.189998210   91.676766259  -47.170505004
    1.260261329   88.215588378  -49.688582532
    1.330524448   84.970508270  -41.203483096
    1.400787566   82.603855085  -25.630586763
    1.471050685   81.260696238  -14.138705944
    1.541313804   80.315691947  -14.836629135
    1.611576923   78.901426315  -26.777213338
    1.681840042   76.463173531  -41.947145061
    1.752103161   73.206486319  -48.658692784
    1.822366280   69.933450920  -42.592831486
    1.892629399   67.366753464  -29.990290277
    1.962892517   65.693380607  -17.928993254
    2.033155636   64.749870981   -9.708922589
    2.103418755   64.296146816   -3.195559626
    2.173681874   64.330707612    4.191225895
    2.243944993   64.835821925    9.888985729
    2.314208112   65.657673136   12.846688292
    2.384471231   66.580075158   13.170472121
    2.454734350   67.487357987   12.727320095
    2.524997469   68.402389268   13.731029540
    2.595260587   69.470952921   16.985567183
    2.665523706   70.768760009   20.127038575
    2.735786825   72.290185889   22.783057280
    2.806049944   73.902169288   22.964551443
    2.876313063   75.457932455   21.102863567
    2.946576182   76.824583757   17.173231483
    3.016839301   77.833391551   11.182102113
    3.087102420   78.342851514    3.581979466
    3.157365538   78.395396901   -1.430970126
    3.227628657   78.211728419   -3.355481708
    3.297891776   77.976090485   -3.227483586
    3.368154895   77.764594876   -2.564688244
    3.438418014   77.580944338   -2.802682014
    3.508681133   77.406707859   -1.742939720
    3.578944252   77.381409505    1.243399639
    3.649207371   77.573616858    4.215704204
    3.719470490   77.933798806    5.538334939
    3.789733608   78.264797750    3.351303304
    3.859996727   78.350231530   -1.259075002
    3.930259846   78.085446616   -6.248998111
    4.000522965   77.550593346   -8.712038802
    4.070786084   76.901341251   -9.469451417
    4.141049203   76.249405750   -9.407803380
    4.211312322   75.565570000  -10.100370442
    4.281575441   74.834347053  -10.399599221
    4.351838559   74.105653130  -10.244243229
    4.422101678   73.417826358   -9.056342046
    4.492364797   72.807940246   -8.436766353
    4.562627916   72.213892920   -8.840747621
    4.632891035   71.550750486  -10.264110216
    4.703154154   70.783789127  -11.631260268
    4.773417273   69.951123600  -11.765766286
    4.843680392   69.134745159  -11.210354491
    4.913943510   68.424044248   -8.798806137
    4.984206629   67.926396042   -5.312027748
    5.054469748   67.691177086   -1.467348928
    5.124732867   67.694824316    1.801182548
    5.194995986   67.908683683    4.279889104
    5.265259105   68.274767645    5.888474067
    5.335522224   68.695627995    5.717805136
    5.405785343   69.032950165    3.508614107
    5.476048462   69.171456956    0.374651790
    5.546311580   69.116025819   -2.201566197
    5.616574699   68.880515131   -4.111354803
    5.686837818   68.565871636   -4.699429329
    5.757100937   68.247114895   -4.309914443
    5.827364056   67.946808636   -3.972232762
    5.897627175   67.712813652   -2.685921432
    5.967890294   67.601667098   -0.446099888
    6.038153413   67.616169441    0.736823758
    6.108416531   67.640821455   -0.352245761
    6.178679650   67.515010816   -3.527304448
    6.248942769   67.092444301   -8.396847923
    6.319205888   66.396919020  -10.910605043
    6.389469007   65.654765687   -9.868884306
    6.459732126   65.074197987   -6.451118580
    6.529995245   64.740347950   -3.001609528
    6.600258364   64.631254919   -0.295439683
    6.670521483   64.685279206    1.704439285
    6.740784601   64.870712245    3.413715802
    6.811047720   65.149830922    4.407456829
    6.881310839   65.477006426    4.580407645
    6.951573958   65.766752885    3.056969777
    7.021837077   65.854554456   -0.556375772
    7.092100196   65.669143739   -5.027232048
    7.162363315   65.191057815   -8.155624555
    7.232626434   64.510027668  -10.395773901
    7.302889552   63.828964502   -8.890568027
    7.373152671   63.272450624   -6.785276459
    7.443415790   62.851134787   -5.193378359
    7.513678909   62.527259549   -4.065605566
    7.583942028   62.318218163   -1.646730426
    7.654205147   62.397028934    4.469333465
    7.724468266   63.054743223   13.983538816
    7.794731385   64.202808254   16.771281244
    7.864994503   65.142580251    8.004810390
    7.935257622   64.970173296  -22.494931872
    8.005520741   62.752345496  -36.688808294
    8.075783860   60.579069574  -19.002451072
    8.146046979   60.748022792   25.483871192
    8.216310098   63.747135490   51.995183017
    8.286573217   66.338768650    7.659873673
    8.356836336   63.200449201 -102.643763489
    8.427099455   52.663384863 -179.267686090
    8.497362573   42.307155970  -74.770355824
    8.567625692   48.370560045  289.177012641
    8.637888811   87.176158182  829.969438716
    8.708151930  164.196865795 1336.522635785
    8.778415049  269.149169836 1598.469741231
    8.848678168  381.149593667 1538.185621941
    8.918941287  479.493863077 1232.364627627
    8.989204406  552.297305334  838.036176953
    9.059467524  598.414542688  489.750680272
    9.129730643  623.667225212  247.968790383
    9.199993762  635.680765961  108.938520693
    9.270256881  640.646121971   41.466459476
    9.340520000  642.326494194    0.001746467
