#! FIELDS d_abs file.free der_d_abs
#! SET min_d_abs -0.707107
#! SET max_d_abs 9.27874
#! SET nbins_d_abs  143
#! SET periodic_d_abs false
   -0.707107000  878.189509533   -0.000000000
   -0.636784134  875.934587484  -55.065596680
   -0.566461268  869.351850433 -143.987329414
   -0.496138401  853.493751022 -326.607709437
   -0.425815535  820.209418700 -644.337405744
   -0.355492669  759.626664842 -1097.638067554
   -0.285169803  664.498746122 -1603.941548181
   -0.214846937  537.006875508 -1982.297305829
   -0.144524070  393.597439794 -2026.570167600
   -0.074201204  262.420014563 -1633.039362918
   -0.003878338  171.872268096 -906.822006672
    0.066444528  136.048978024 -131.011790522
    0.136767394  147.611791819  402.151127012
    0.207090261  183.740233302  564.954783827
    0.277413127  220.226367992  439.651694014
    0.347735993  243.336064454  217.463461078
    0.418058859  252.248783152   52.808966997
    0.488381725  253.197856577  -10.780791127
    0.558704592  252.198651769  -12.107544656
    0.629027458  251.760385473   -1.291050209
    0.699350324  251.768606605   -0.496721687
    0.769673190  250.835392900  -13.210358999
    0.839996056  250.090215512   -7.540201645
    0.910318923  249.829313742    0.551542552
    0.980641789  250.134196897    8.123078880
    1.050964655  250.909180894   13.276518175
    1.121287521  251.893432480   14.196171845
    1.191610387  252.752737115    9.153114205
    1.261933254  252.971523495   -4.581504822
    1.332256120  251.873190708  -27.417612787
    1.402578986  249.074421260  -51.834167575
    1.472901852  244.734116334  -69.723876820
    1.543224718  239.696095697  -70.428626473
    1.613547585  235.109143076  -58.766155490
    1.683870451  231.412145221  -47.388552394
    1.754193317  228.263406200  -43.006135763
    1.824516183  225.267153207  -42.233425844
    1.894839049  222.406728054  -37.474730004
    1.965161915  220.107826578  -27.425629407
    2.035484782  218.510315579  -19.004973020
    2.105807648  217.283235335  -17.206520627
    2.176130514  216.052781512  -17.049041753
    2.246453380  215.077422312   -8.975306470
    2.316776246  215.091964287   11.278843681
    2.387099113  216.735808940   35.439149553
    2.457421979  219.873333451   50.969108106
    2.527744845  223.382132178   44.737394723
    2.598067711  225.778511523   21.874559529
    2.668390577  226.513615997    0.535048265
    2.738713444  226.178610276   -6.922045945
    2.809036310  225.887890357   -0.264388923
    2.879359176  226.134190402    6.463613056
    2.949682042  226.700403178    8.757847941
    3.020004908  227.269183351    7.446536088
    3.090327775  227.785137483    8.231697931
    3.160650641  228.559221976   14.450932525
    3.230973507  229.783606016   19.821598328
    3.301296373  231.247540567   20.900133069
    3.371619239  232.491390481   13.280763147
    3.441942106  233.020813001    1.867058009
    3.512264972  232.831896831   -6.464001712
    3.582587838  232.235879159   -9.773670027
    3.652910704  231.472173350  -12.289563976
    3.723233570  230.530226642  -14.658723306
    3.793556437  229.454048384  -15.298776283
    3.863879303  228.488436674  -11.464969044
    3.934202169  227.901112916   -5.405668290
    4.004525035  227.750478216    0.597159150
    4.074847901  227.943353236    4.235564755
    4.145170768  228.320072341    6.366662521
    4.215493634  228.856421396    9.230599852
    4.285816500  229.596314547   11.920443186
    4.356139366  230.507263807   13.620127483
    4.426462232  231.446154647   12.534548550
    4.496785099  232.207860288    9.054454934
    4.567107965  232.717062600    5.435796051
    4.637430831  232.949633399    1.342237571
    4.707753697  232.893754807   -3.100818718
    4.778076563  232.463934034   -9.370280257
    4.848399430  231.602053296  -15.091244542
    4.918722296  230.386825312  -18.670137351
    4.989045162  229.053822953  -18.635195692
    5.059368028  227.858894841  -15.376911262
    5.129690894  226.913085643  -11.943426067
    5.200013761  226.200389625   -8.717943224
    5.270336627  225.692659443   -5.799039316
    5.340659493  225.365237882   -3.590661787
    5.410982359  225.183928697   -1.610820768
    5.481305225  225.094365544   -1.302751385
    5.551628092  224.947144423   -2.871941511
    5.621950958  224.678784655   -4.808639905
    5.692273824  224.295598686   -5.748014312
    5.762596690  223.898121323   -5.249284374
    5.832919556  223.546877885   -4.981811372
    5.903242423  223.215954127   -4.391102678
    5.973565289  222.938266426   -3.847007716
    6.043888155  222.664745618   -3.981927714
    6.114211021  222.395289969   -3.410410979
    6.184533887  222.217285600   -1.376062769
    6.254856754  222.241213342    1.939358711
    6.325179620  222.535481614    6.564563668
    6.395502486  223.176714565   11.907660337
    6.465825352  224.188229591   16.642532485
    6.536148218  225.487830286   19.720277521
    6.606471085  226.859659718   18.574721044
    6.676793951  227.998242404   13.333779489
    6.747116817  228.694229001    6.493841955
    6.817439683  229.003516429    3.444676266
    6.887762549  229.273298212    4.548875495
    6.958085415  229.692740150    7.647492012
    7.028408282  230.296127779    8.834780107
    7.098731148  230.864219168    7.177580017
    7.169054014  231.250223565    3.667244427
    7.239376880  231.399991182    0.972544918
    7.309699746  231.426877723   -0.254005455
    7.380022613  231.341910096   -2.660177974
    7.450345479  230.989276921   -8.075190880
    7.520668345  230.172499381  -14.765884341
    7.590991211  229.043609259  -15.574398029
    7.661314077  228.173760514   -7.986054903
    7.731636944  227.897717222   -1.166830053
    7.801959810  227.696442009   -6.962824502
    7.872282676  226.250178473  -52.872314305
    7.942605542  221.005264921  -95.709521877
    8.012928408  213.098526654 -126.510332811
    8.083251275  203.311560694 -154.626645930
    8.153574141  190.168607037 -233.638256667
    8.223897007  167.961153611 -416.383600405
    8.294219873  129.873889037 -668.039149073
    8.364542739   76.422587860 -814.312790677
    8.434865606   23.393921946 -620.794833713
    8.505188472    0.000000000   27.867803816
    8.575511338   34.756593308  986.247176331
    8.645834204  137.636166363 1898.505743893
    8.716157070  292.220642466 2411.418105548
    8.786479937  463.944669649 2386.526393610
    8.856802803  617.969113557 1943.745942567
    8.927125669  733.477076172 1335.457773880
    8.997448535  807.266515404  785.809594045
    9.067771401  847.913182719  399.842665528
    9.138094268  867.340592428  176.417265263
    9.208417134  875.421389937   67.744047187
    9.278740000  878.189509533   -0.000000000
