#! FIELDS d_abs file.free der_d_abs
#! SET min_d_abs -0.707107
#! SET max_d_abs 9.27874
#! SET nbins_d_abs  143
#! SET periodic_d_abs false
   -0.707107000  742.140531509   -0.000000000
   -0.636784134  739.885609460  -55.065596680
   -0.566461268  733.302872409 -143.987329414
   -0.496138401  717.444772998 -326.607709437
   -0.425815535  684.160440676 -644.337405744
   -0.355492669  623.577686819 -1097.638067554
   -0.285169803  528.449768098 -1603.941548181
   -0.214846937  400.957897485 -1982.297305829
   -0.144524070  257.548461770 -2026.570167600
   -0.074201204  126.371036540 -1633.039362918
   -0.003878338   35.823290073 -906.822006672
    0.066444528    0.000000000 -131.011790522
    0.136767394   11.562813795  402.151127012
    0.207090261   47.691255278  564.954783827
    0.277413127   84.177389968  439.651694014
    0.347735993  107.287086430  217.463461078
    0.418058859  116.199805128   52.808966997
    0.488381725  117.148878553  -10.780791127
    0.558704592  116.149673745  -12.107544656
    0.629027458  115.711407450   -1.291050209
    0.699350324  115.719628581   -0.496721687
    0.769673190  114.786414876  -13.210358999
    0.839996056  114.041241173   -7.538936884
    0.910318923  113.780829659    0.568082069
    0.980641789  114.089206867    8.227023693
    1.050964655  114.880423055   13.683660019
    1.121287521  115.915752806   15.355298047
    1.191610387  116.911059990   12.110777147
    1.261933254  117.450512471    1.926710485
    1.332256120  117.007044502  -14.804985440
    1.402578986  115.402391890  -29.943586539
    1.472901852  113.018165821  -35.550470254
    1.543224718  110.868034820  -22.419134952
    1.613547585  110.117257947    1.848718337
    1.683870451  110.999689645   21.169694706
    1.754193317  112.737464265   26.130641300
    1.824516183  114.421597510   20.916384868
    1.894839049  115.709321283   17.455509801
    1.965161915  117.061691558   22.352811353
    2.035484782  118.950589773   31.285533628
    2.105807648  121.395346254   37.079851837
    2.176130514  124.068049367   38.717456391
    2.246453380  126.860283315   41.069464409
    2.316776246  129.990344973   49.223265155
    2.387099113  133.856882108   61.394408594
    2.457421979  138.604334958   72.566974311
    2.527744845  143.816853595   73.558570068
    2.598067711  148.798960447   67.775716184
    2.668390577  153.481486967   66.735797816
    2.738713444  158.397298206   74.754405620
    2.809036310  164.073043952   85.401926116
    2.879359176  170.061259598   81.784022287
    2.949682042  175.212479640   62.533463082
    3.020004908  178.695083708   36.957043943
    3.090327775  180.613987264   20.476882379
    3.160650641  182.011694983   22.219396501
    3.230973507  183.973107356   34.373488446
    3.301296373  186.828775151   45.693710838
    3.371619239  190.037983800   42.969216331
    3.441942106  192.565429743   27.633706923
    3.512264972  193.877556920   10.101785720
    3.582587838  194.140724285   -1.169887230
    3.652910704  193.876330499   -5.579179669
    3.723233570  193.512664870   -4.267012158
    3.793556437  193.342712255   -0.237824362
    3.863879303  193.495853475    4.362339440
    3.934202169  193.879961590    5.535087548
    4.004525035  194.209611969    2.959133909
    4.074847901  194.247575369   -2.325054104
    4.145170768  193.914214605   -6.786451437
    4.215493634  193.386989082   -7.377840760
    4.285816500  192.919375040   -5.421315572
    4.356139366  192.654037315   -2.123968356
    4.426462232  192.600023024    0.334465178
    4.496785099  192.669547009    1.765546951
    4.567107965  192.861466782    3.786330835
    4.637430831  193.185724729    5.690123817
    4.707753697  193.670335233    8.070457640
    4.778076563  194.294349108    9.570025999
    4.848399430  195.052275054   11.951227193
    4.918722296  195.987762581   14.961154604
    4.989045162  197.141195937   17.605534808
    5.059368028  198.434368106   18.265352518
    5.129690894  199.630209039   14.777640030
    5.200013761  200.490183426    9.192745503
    5.270336627  200.947200041    4.019845546
    5.340659493  201.096447833    0.646806653
    5.410982359  201.108954252    0.161363680
    5.481305225  201.134788783    0.546270433
    5.551628092  201.163889805    0.422877277
    5.621950958  201.185572450    0.052433882
    5.692273824  201.172202055   -0.332012919
    5.762596690  201.140514911   -0.388470305
    5.832919556  201.093299500   -1.200603615
    5.903242423  201.002190940   -1.214744511
    5.973565289  200.960120611   -0.126598003
    6.043888155  200.995420112    1.119718261
    6.114211021  201.120514257    2.436252115
    6.184533887  201.312172351    2.788755362
    6.254856754  201.487649628    1.665928657
    6.325179620  201.567611449    0.774651953
    6.395502486  201.650595947    2.305954410
    6.465825352  201.959217691    6.894769001
    6.536148218  202.664407368   12.883326390
    6.606471085  203.679636030   15.080740057
    6.676793951  204.623849627   10.768682983
    6.747116817  205.074280014    1.613628087
    6.817439683  204.899491072   -5.610465029
    6.887762549  204.382976518   -8.639585132
    6.958085415  203.761139244   -8.612223372
    7.028408282  203.130785724   -9.985760315
    7.098731148  202.280129170  -14.376499551
    7.169054014  201.065161509  -20.075890368
    7.239376880  199.522291400  -22.918242740
    7.309699746  197.978207807  -20.271683219
    7.380022613  196.766063480  -13.965686144
    7.450345479  196.028184347   -7.422018824
    7.520668345  195.686901135   -2.224761632
    7.590991211  195.720846373    3.495411420
    7.661314077  196.152661322    8.594466045
    7.731636944  196.801978930    8.661622223
    7.801959810  197.215101252    2.787041755
    7.872282676  197.008315322  -17.542035561
    7.942605542  195.765501448  -13.638023949
    8.012928408  195.752069713   17.198758052
    8.083251275  198.314308153   52.390182447
    8.153574141  201.868435130   34.139725148
    8.223897007  200.679517870  -85.891521846
    8.294219873  187.962505741 -280.018980057
    8.364542739  162.700703758 -412.902897904
    8.434865606  135.488269573 -309.665861916
    8.505188472  126.800787276  113.268483168
    8.575511338  156.587245014  751.345959242
    8.645834204  231.680936957 1355.566991380
    8.716157070  340.641460220 1684.035108489
    8.786479937  459.784656756 1646.561388637
    8.856802803  565.605969054 1329.922654901
    8.927125669  644.390309181  908.018531955
    8.997448535  694.445613906  531.636169195
    9.067771401  721.882898541  269.164084909
    9.138094268  734.931383593  118.134640644
    9.208417134  740.332199488   45.120245490
    9.278740000  742.140531509   -0.000000000
