#! FIELDS d_abs file.free der_d_abs
#! SET min_d_abs -0.707106
#! SET max_d_abs 9.33837
#! SET nbins_d_abs  144
#! SET periodic_d_abs false
   -0.707106000  658.420444287   -0.000000000
   -0.636857916  656.451606614  -48.217792961
   -0.566609832  650.696118196 -125.912975593
   -0.496361748  636.841456425 -285.782718169
   -0.426113664  607.782839586 -562.882212737
   -0.355865580  554.928292386 -958.611227147
   -0.285617497  471.935161617 -1401.304592192
   -0.215369413  360.612934762 -1733.670521036
   -0.145121329  235.223225644 -1775.912367010
   -0.074873245  120.085910160 -1441.220593690
   -0.004625161   39.439191448 -825.891103537
    0.065622923    4.785017860 -179.058975971
    0.135871007    8.941567755  245.659370739
    0.206119091   31.599070717  348.063649811
    0.276367175   52.322105804  217.962061825
    0.346615259   61.073756456   36.398356440
    0.416863343   59.389979295  -66.209976458
    0.487111427   54.123185729  -71.294478554
    0.557359510   50.373090218  -33.855439013
    0.627607594   49.011377667   -9.988069214
    0.697855678   48.225056541  -16.636307573
    0.768103762   45.731389254  -43.668890968
    0.838351846   42.397054819  -49.777827413
    0.908599930   38.945511038  -47.525219214
    0.978848014   35.752623903  -43.462110258
    1.049096098   32.713528029  -44.133870776
    1.119344182   29.327041210  -53.132464531
    1.189592266   25.212808617  -63.865133719
    1.259840350   20.379007838  -73.668331712
    1.330088434   14.942960888  -80.325072310
    1.400336517    9.271140624  -79.295924460
    1.470584601    4.138971852  -63.993487778
    1.540832685    0.680463206  -31.813279550
    1.611080769    0.000000000   14.174352612
    1.681328853    2.751549384   63.338923079
    1.751576937    8.645084241  101.488503024
    1.821825021   16.532334935  119.710752541
    1.892073105   25.066544568  120.335970410
    1.962321189   33.275705298  113.643039031
    2.032569273   41.060861475  108.181498072
    2.102817357   48.424613014  100.231472450
    2.173065441   54.900757002   82.234309819
    2.243313524   59.764307251   54.983764178
    2.313561608   62.688745736   30.289141620
    2.383809692   64.429955190   23.267987717
    2.454057776   66.462845302   37.234649625
    2.524305860   69.786379559   57.185029408
    2.594553944   74.240629866   66.838086545
    2.664802028   78.691991574   56.923235793
    2.735050112   82.007305245   37.328002211
    2.805298196   84.163319459   27.229561818
    2.875546280   86.363112517   39.006050120
    2.945794364   90.047836161   67.425632593
    3.016042448   95.782920869   94.562907826
    3.086290531  102.903897256  104.337522162
    3.156538615  109.983795494   94.693007105
    3.226786699  115.930139011   74.010069598
    3.297034783  120.389788318   53.309107463
    3.367282867  123.540064659   38.219886616
    3.437530951  125.891306170   29.381774430
    3.507779035  127.659622638   20.428788831
    3.578027119  128.647236066    7.106878520
    3.648275203  128.612344815   -8.311615484
    3.718523287  127.539547320  -20.947324423
    3.788771371  125.884221840  -24.670356155
    3.859019455  124.266005013  -20.123114999
    3.929267538  123.214820862   -9.141249816
    3.999515622  123.004920168    2.803183240
    4.069763706  123.524936307   11.345418134
    4.140011790  124.493411844   15.338738384
    4.210259874  125.590623315   15.409713681
    4.280507958  126.541496167   10.997605352
    4.350756042  127.085183155    4.317648205
    4.421004126  127.156187251   -1.655904540
    4.491252210  126.969741533   -2.452137892
    4.561500294  126.942951112    2.290428766
    4.631748378  127.371531269    9.672840464
    4.701996462  128.183518490   12.919921519
    4.772244545  129.031781471   10.754310880
    4.842492629  129.657097239    7.157573504
    4.912740713  130.094347760    5.880496244
    4.982988797  130.521711307    6.903080510
    5.053236881  131.024453653    7.014005571
    5.123484965  131.426049216    3.644825262
    5.193733049  131.472890076   -2.731184446
    5.263981133  131.019316504  -10.416646839
    5.334229217  130.083823974  -15.861104906
    5.404477301  128.831401945  -19.732499265
    5.474725385  127.359417944  -21.797475646
    5.544973469  125.783380858  -22.669993811
    5.615221552  124.251763331  -20.509392661
    5.685469636  122.947472046  -16.723722374
    5.755717720  121.897064612  -13.514402514
    5.825965804  120.979386024  -13.117795294
    5.896213888  120.021893827  -14.375028077
    5.966461972  118.990724633  -14.746956443
    6.036710056  118.010739538  -12.403632219
    6.106958140  117.310742706   -6.792813987
    6.177206224  117.079724351    0.030542950
    6.247454308  117.316958204    6.213386796
    6.317702392  117.900203127    9.870001757
    6.387950476  118.634755481   10.834112377
    6.458198559  119.366915387   10.052030509
    6.528446643  120.024724045    9.087798981
    6.598694727  120.649901568    9.193079087
    6.668942811  121.359742142   11.320889548
    6.739190895  122.245421242   14.324794164
    6.809438979  123.339477447   16.571376382
    6.879687063  124.484650010   15.714117796
    6.949935147  125.444521352   11.276410856
    7.020183231  126.012469508    5.105854137
    7.090431315  126.185281918    0.507048824
    7.160679399  126.223075415    1.435844219
    7.230927483  126.445787611    5.355585907
    7.301175566  126.995495282    9.886550371
    7.371423650  127.741428281   10.218759253
    7.441671734  128.268369713    4.223426172
    7.511919818  128.255782795   -4.775444924
    7.582167902  127.630866980  -12.628914029
    7.652415986  126.643619210  -14.092130127
    7.722664070  125.855293282   -7.367530421
    7.792912154  125.678963092    2.537806587
    7.863160238  126.208626925   12.685959864
    7.933408322  127.240381716    7.610380729
    8.003656406  127.993292835   15.609343063
    8.073904490  129.704818884   34.387877403
    8.144152573  132.689698399   46.302785368
    8.214400657  135.015962432    7.048715797
    8.284648741  131.550690210 -120.818034766
    8.354896825  116.619837930 -305.938307695
    8.425144909   90.152655671 -421.932911728
    8.495392993   62.861052405 -305.283343471
    8.565641077   54.612888737  118.746138305
    8.635889161   84.424688588  746.147081633
    8.706137245  158.552991708 1335.611068842
    8.776385329  265.581918895 1653.378502636
    8.846633413  382.326168640 1613.753391795
    8.916881497  485.857326774 1301.895770571
    8.987129580  562.886598318  888.336525956
    9.057377664  611.792040095  519.888816484
    9.127625748  638.600708351  263.377978325
    9.197873832  651.364866297  115.808922737
    9.268121916  656.648701908   44.061345221
    9.338370000  658.420444287    0.000967331
