#! FIELDS d_abs file.free der_d_abs
#! SET min_d_abs -0.707106
#! SET max_d_abs 9.33837
#! SET nbins_d_abs  144
#! SET periodic_d_abs false
   -0.707106000  856.120936307   -0.000000000
   -0.636857916  854.152098635  -48.217792961
   -0.566609832  848.396610217 -125.912975593
   -0.496361748  834.541948446 -285.782718169
   -0.426113664  805.483331606 -562.882212737
   -0.355865580  752.628784406 -958.611227147
   -0.285617497  669.635653637 -1401.304592192
   -0.215369413  558.313426783 -1733.670521036
   -0.145121329  432.923717665 -1775.912367010
   -0.074873245  317.786402181 -1441.220593690
   -0.004625161  237.139683469 -825.891103537
    0.065622923  202.485509881 -179.058975971
    0.135871007  206.642059776  245.659370739
    0.206119091  229.299562738  348.063649811
    0.276367175  250.022597824  217.962061825
    0.346615259  258.774248476   36.398356440
    0.416863343  257.090471316  -66.209976458
    0.487111427  251.823677750  -71.294478554
    0.557359510  248.073582239  -33.855439013
    0.627607594  246.711869688   -9.988069214
    0.697855678  245.925548562  -16.636307573
    0.768103762  243.431873648  -43.669500749
    0.838351846  240.097046443  -49.798098044
    0.908599930  236.639110560  -47.743102485
    0.978848014  233.411939843  -44.331050655
    1.049096098  230.259950678  -46.745977197
    1.119344182  226.572949944  -59.506607112
    1.189592266  221.782945907  -77.448831123
    1.259840350  215.602265096  -99.304503988
    1.330088434  207.785745181 -123.310443339
    1.400336517  198.350809396 -143.978332477
    1.470584601  187.864594242 -151.604039778
    1.540832685  177.526173211 -139.173800871
    1.611080769  168.807297653 -105.972929389
    1.681328853  162.905659455  -61.607575451
    1.751576937  160.039264464  -22.302781395
    1.821825021  159.336537324   -1.051292520
    1.892073105  159.471196327    1.813514937
    1.962321189  159.435568991   -2.188176937
    2.032569273  159.309506518    0.024170832
    2.102817357  159.600291875    8.620750228
    2.173065441  160.465225195   14.965230786
    2.243313524  161.524047528   13.440068718
    2.313561608  162.251446079    7.628226862
    2.383809692  162.758955506    9.204827220
    2.454057776  163.899553184   25.518851183
    2.524305860  166.521440609   49.915344001
    2.594553944  170.825727912   71.004788387
    2.664802028  176.099554273   75.999667466
    2.735050112  181.105798361   64.178831418
    2.805298196  184.923510591   44.211863803
    2.875546280  187.369465682   26.101491860
    2.945794364  188.711794963   12.825060903
    3.016042448  189.188768003    1.198733411
    3.086290531  188.834129743  -11.666038346
    3.156538615  187.610005683  -22.234422839
    3.226786699  185.851190640  -26.175131608
    3.297034783  184.137019491  -21.676397882
    3.367282867  182.917414688  -11.761436650
    3.437530951  182.514343416    0.177685366
    3.507779035  182.850736449    8.408219310
    3.578027119  183.535891387   10.265289264
    3.648275203  184.207764998    8.218058360
    3.718523287  184.644572728    4.446823499
    3.788771371  184.865138702    1.899621358
    3.859019455  184.903405588   -0.834996304
    3.929267538  184.771123734   -2.844375848
    3.999515622  184.513462012   -4.491054614
    4.069763706  184.159989164   -5.192097812
    4.140011790  183.843839784   -3.428579095
    4.210259874  183.753183118    1.312681423
    4.280507958  184.003089927    5.479254542
    4.350756042  184.472825397    7.383339211
    4.421004126  184.953722341    6.049428341
    4.491252210  185.299602305    4.061223144
    4.561500294  185.542665610    2.893259509
    4.631748378  185.752168046    2.975769146
    4.701996462  185.902991156    1.385572583
    4.772244545  185.894102646   -1.404609672
    4.842492629  185.751127244   -2.196632674
    4.912740713  185.654363527   -0.183024936
    4.982988797  185.711753686    1.919791556
    5.053236881  185.827111141    0.722436880
    5.123484965  185.732834194   -3.923956464
    5.193733049  185.286586088   -8.498413713
    5.263981133  184.629611403   -9.689710738
    5.334229217  184.085482395   -5.086582731
    5.404477301  183.964458099    1.424031798
    5.474725385  184.257227427    6.551989512
    5.544973469  184.775786995    7.682691044
    5.615221552  185.297654001    6.893345059
    5.685469636  185.722501525    4.856320446
    5.755717720  185.983689436    2.499216224
    5.825965804  186.054947462   -0.545914886
    5.896213888  185.934095870   -2.808524299
    5.966461972  185.705989763   -3.547509650
    6.036710056  185.450090938   -3.482306502
    6.106958140  185.201778041   -3.460633683
    6.177206224  184.929472314   -4.640697968
    6.247454308  184.573800247   -5.512862031
    6.317702392  184.203744815   -4.624265786
    6.387950476  183.992550415   -0.731686772
    6.458198559  184.133035385    5.025564952
    6.528446643  184.654198149    9.638111122
    6.598694727  185.370622467   10.177918220
    6.668942811  185.986730191    6.834162942
    6.739190895  186.265685939    1.486793339
    6.809438979  186.219451381   -2.220020398
    6.879687063  186.017270280   -2.646516091
    6.949935147  185.897165149   -0.325895879
    7.020183231  185.964811027    2.380353405
    7.090431315  186.177945590    3.488739881
    7.160679399  186.448292855    4.061315938
    7.230927483  186.699131589    3.111339805
    7.301175566  186.917479693    3.170416339
    7.371423650  187.167789615    3.794516215
    7.441671734  187.409171780    3.125936142
    7.511919818  187.561030080    0.754110095
    7.582167902  187.456825528   -4.161447149
    7.652415986  187.042731707   -6.522685772
    7.722664070  186.739023421   -0.921363440
    7.792912154  187.041737106   10.175553798
    7.863160238  188.205284959   23.055300860
    7.933408322  189.919742789    9.781498008
    8.003656406  190.344168512    2.193579976
    8.073904490  190.234333091   -6.011574610
    8.144152573  189.047549430  -34.841472726
    8.214400657  183.630441770 -136.812079239
    8.284648741  167.007284761 -356.005025085
    8.354896825  131.894243980 -643.725813847
    8.425144909   79.174149275 -817.892377410
    8.495392993   25.283955855 -641.927998644
    8.565641077    0.000000000   -5.048787940
    8.635889161   32.052633099  943.587605352
    8.706137245  131.543323337 1848.331236787
    8.776385329  282.317680497 2358.751214062
    8.846633413  450.290128806 2338.498359432
    8.916881497  601.094468638 1905.687275709
    8.987129580  714.247393243 1309.765381242
    9.057377664  786.551086915  771.027449938
    9.127625748  826.404285776  392.601175580
    9.197873832  845.470019990  173.452356703
    9.268121916  853.401993977   66.445437042
    9.338370000  856.120936303    0.007426209
