#! FIELDS d_abs file.free der_d_abs
#! SET min_d_abs -0.707106
#! SET max_d_abs 9.33837
#! SET nbins_d_abs  144
#! SET periodic_d_abs false
   -0.707106000  818.113824061   -0.000000000
   -0.636857916  816.144986389  -48.217792961
   -0.566609832  810.389497970 -125.912975593
   -0.496361748  796.534836200 -285.782718169
   -0.426113664  767.476219360 -562.882212737
   -0.355865580  714.621672160 -958.611227147
   -0.285617497  631.628541391 -1401.304592192
   -0.215369413  520.306314537 -1733.670521036
   -0.145121329  394.916605419 -1775.912367010
   -0.074873245  279.779289934 -1441.220593690
   -0.004625161  199.132571223 -825.891103537
    0.065622923  164.478397634 -179.058975971
    0.135871007  168.634947529  245.659370739
    0.206119091  191.292450492  348.063649811
    0.276367175  212.015485578  217.962061825
    0.346615259  220.767136230   36.398356440
    0.416863343  219.083359069  -66.209976458
    0.487111427  213.816565504  -71.294478554
    0.557359510  210.066469992  -33.855439013
    0.627607594  208.704757441   -9.988069214
    0.697855678  207.918436315  -16.636307573
    0.768103762  205.424769029  -43.668890968
    0.838351846  202.090434593  -49.777827413
    0.908599930  198.638890812  -47.525219214
    0.978848014  195.446003677  -43.462110258
    1.049096098  192.406907803  -44.133870776
    1.119344182  189.020420985  -53.132464531
    1.189592266  184.906188391  -63.865133719
    1.259840350  180.072387612  -73.668331712
    1.330088434  174.636340662  -80.325072310
    1.400336517  168.964027558  -79.318841246
    1.470584601  163.822181303  -64.351658808
    1.540832685  160.301336195  -33.459453823
    1.611080769  159.408118185    9.353400272
    1.681328853  161.614589070   51.916796501
    1.751576937  166.321080191   78.045017909
    1.821825021  171.936175104   77.267866819
    1.892073105  176.626918677   52.547403523
    1.962321189  179.108894898   18.612763271
    2.032569273  179.397647896   -8.650123825
    2.102817357  178.142889436  -25.734983079
    2.173065441  175.921835056  -36.753693924
    2.243313524  173.090745854  -43.308422156
    2.313561608  170.057814658  -40.524835505
    2.383809692  167.802398057  -20.178860006
    2.454057776  167.627371482   16.983327397
    2.524305860  170.183445823   54.578547799
    2.594553944  174.880709503   75.097280922
    2.664802028  180.038333156   67.061089712
    2.735050112  183.809531855   38.251731238
    2.805298196  185.387150663    8.282764242
    2.875546280  185.346215162   -6.405843931
    2.945794364  184.906643744   -3.767136002
    3.016042448  184.966573618    6.162237361
    3.086290531  185.662652380   12.264616634
    3.156538615  186.562198135   12.857278082
    3.226786699  187.419366172   12.052421910
    3.297034783  188.335202242   14.350774277
    3.367282867  189.493779510   19.691959790
    3.437530951  191.103098809   25.818542499
    3.507779035  193.001874385   27.070725369
    3.578027119  194.733986665   21.412515929
    3.648275203  195.945333618   12.749812923
    3.718523287  196.550861579    5.374627458
    3.788771371  196.829082236    3.246916928
    3.859019455  197.064043486    3.694389303
    3.929267538  197.372638530    4.925162613
    3.999515622  197.707066779    4.078881170
    4.069763706  197.891002697    1.084230395
    4.140011790  197.872897463   -1.392550834
    4.210259874  197.769087088   -0.940439410
    4.280507958  197.749309431    0.334389153
    4.350756042  197.803222199    0.923995906
    4.421004126  197.814424545   -0.761983724
    4.491252210  197.681753412   -2.747584832
    4.561500294  197.450923722   -3.735557836
    4.631748378  197.211027504   -3.108218250
    4.701996462  196.969489921   -3.577267658
    4.772244545  196.670570411   -4.603491678
    4.842492629  196.371567926   -3.453804536
    4.912740713  196.246386192    0.196072040
    4.982988797  196.374163495    3.465582342
    5.053236881  196.629742044    3.144758107
    5.123484965  196.734893779   -0.654487899
    5.193733049  196.546127137   -4.476726601
    5.263981133  196.182732587   -5.492377609
    5.334229217  195.908764048   -1.824037408
    5.404477301  195.942644820    2.338022187
    5.474725385  196.183993393    4.061857777
    5.544973469  196.404239438    1.791717581
    5.615221552  196.430266193   -0.982066591
    5.685469636  196.298825630   -2.706127264
    5.755717720  196.097948061   -2.876879914
    5.825965804  195.895493350   -2.947800979
    5.896213888  195.703385874   -2.535205510
    5.966461972  195.574722557   -1.014395852
    6.036710056  195.579851945    1.518803205
    6.106958140  195.793678566    4.848025679
    6.177206224  196.235243912    7.327364913
    6.247454308  196.817938034    8.886133549
    6.317702392  197.471471213    9.630643026
    6.387950476  198.173559475   10.658076517
    6.458198559  198.965587423   12.086595453
    6.528446643  199.836921827   12.738063413
    6.598694727  200.675954038   10.850908687
    6.668942811  201.300733817    6.623986985
    6.739190895  201.561003047    1.223614784
    6.809438979  201.498944790   -2.464850761
    6.879687063  201.273049011   -3.116297294
    6.949935147  201.108644125   -1.081994691
    7.020183231  201.125742414    1.805880563
    7.090431315  201.325606089    3.785449173
    7.160679399  201.654256921    5.355984033
    7.230927483  202.008459480    4.517185534
    7.301175566  202.271089757    2.657283894
    7.371423650  202.353588730   -0.711468547
    7.441671734  202.120998397   -5.680301076
    7.511919818  201.567102737   -9.909218289
    7.582167902  200.766096444  -12.709164690
    7.652415986  199.897925468  -10.944533678
    7.722664070  199.343961172   -4.801321978
    7.792912154  199.115324969   -3.108307008
    7.863160238  198.641631269  -12.229724900
    7.933408322  196.852270631  -54.280727539
    8.003656406  191.803169581  -87.991970544
    8.073904490  184.859439854 -106.923592178
    8.144152573  176.889774391 -122.796422539
    8.214400657  166.471864175 -187.644989442
    8.284648741  148.085940641 -353.842448908
    8.354896825  115.045494292 -588.447632611
    8.425144909   67.570279081 -728.565984923
    8.495392993   20.169139474 -552.996109712
    8.565641077    0.000000000   46.036393417
    8.635889161   33.544132296  932.833504766
    8.706137245  130.040694021 1776.023474276
    8.776385329  274.189607521 2247.460335108
    8.846633413  433.905783865 2219.893688782
    8.916881497  576.908288668 1805.345498453
    8.987129580  684.032104307 1239.142768704
    9.057377664  752.405514588  728.769898128
    9.127625748  790.063064600  370.847965600
    9.197873832  808.068020498  163.749301448
    9.268121916  815.554247664   62.677771987
    9.338370000  818.113824057    0.006957762
