#! FIELDS d_abs file.free der_d_abs
#! SET min_d_abs -0.707107
#! SET max_d_abs 9.24715
#! SET nbins_d_abs  142
#! SET periodic_d_abs false
   -0.707107000  663.485488064   -0.000000000
   -0.636509433  661.804005973  -41.569127469
   -0.565911865  656.801534119 -109.233627305
   -0.495314298  644.678790524 -249.060046860
   -0.424716730  619.172795891 -492.324540108
   -0.354119163  572.625644641 -841.198666545
   -0.283521596  499.292665056 -1233.376668525
   -0.212924028  400.711678150 -1529.382961737
   -0.142326461  289.345195786 -1573.170243553
   -0.071728894  186.323305192 -1293.594769457
   -0.001131326  112.381381017 -777.733621122
    0.069466241   76.932226737 -243.948805386
    0.140063809   73.299181077   97.870863681
    0.210661376   84.438544603  177.708528522
    0.281258943   94.315627611   86.327328537
    0.351856511   96.196964167  -25.639317222
    0.422454078   92.546572900  -63.177370883
    0.493051645   89.016689868  -28.884913272
    0.563649213   88.805550531   20.628139927
    0.634246780   91.226033777   41.377027903
    0.704844348   93.813071544   27.042567425
    0.775441915   94.058452321  -10.542636031
    0.846039482   92.313230763  -38.790417848
    0.916637050   88.631508937  -64.430374396
    0.987234617   83.391438157  -82.421876802
    1.057832184   77.242121554  -89.627548451
    1.128429752   71.073752964  -81.973747187
    1.199027319   66.038748636  -58.423048919
    1.269624887   63.019813792  -26.641049161
    1.340222454   62.224370075    2.932366320
    1.410820021   63.241755604   23.686736042
    1.481417589   65.263468616   31.332978947
    1.552015156   67.452835618   29.518803378
    1.622612723   69.353469836   24.435424481
    1.693210291   70.987606509   22.657844201
    1.763807858   72.720784347   27.540666188
    1.834405426   75.028024001   38.026963500
    1.905002993   78.103915304   48.495292653
    1.975600560   81.703406209   51.883325628
    2.046198128   85.215009225   45.702759346
    2.116795695   87.930561572   29.560525967
    2.187393262   89.263624372    7.504569694
    2.257990830   88.964547307  -15.697242318
    2.328588397   87.157747609  -34.121800846
    2.399185965   84.405091436  -42.262787539
    2.469783532   81.452285184  -39.733612081
    2.540381099   78.958114030  -29.884152112
    2.610978667   77.317117593  -16.532949546
    2.681576234   76.585029001   -4.895663930
    2.752173801   76.522842583    2.239626355
    2.822771369   76.802758964    5.032910191
    2.893368936   77.161795773    4.542323971
    2.963966504   77.396227904    1.796554261
    3.034564071   77.441770985   -0.166455378
    3.105161638   77.380765527   -1.074906866
    3.175759206   77.376988988    0.935999258
    3.246356773   77.536239895    3.295076837
    3.316954340   77.811503169    3.959776092
    3.387551908   78.045208294    2.611889181
    3.458149475   78.186274796    1.656439276
    3.528747043   78.310905676    1.952784766
    3.599344610   78.478685288    2.885385093
    3.669942177   78.660840750    2.122966858
    3.740539745   78.773650473    0.884559227
    3.811137312   78.803544453   -0.323545787
    3.881734879   78.755369634   -0.658174577
    3.952332447   78.720910970   -0.050678212
    4.022930014   78.757501221    1.106460578
    4.093527582   78.872259866    2.059347014
    4.164125149   79.008458014    1.947064757
    4.234722716   79.199280924    3.201731912
    4.305320284   79.437371146    3.371887622
    4.375917851   79.632939088    1.796664302
    4.446515418   79.628427619   -2.127747706
    4.517112986   79.290591997   -7.292432655
    4.587710553   78.671048781   -9.720508158
    4.658308121   77.992597162   -8.858557287
    4.728905688   77.433138564   -7.123225973
    4.799503255   77.042340902   -3.642510125
    4.870100823   76.943921170    1.056757146
    4.940698390   77.212116287    6.330618091
    5.011295957   77.769856772    8.914193189
    5.081893525   78.404550127    8.321354273
    5.152491092   78.897067002    5.267311995
    5.223088660   79.143472440    1.805114081
    5.293686227   79.164253364   -0.650527400
    5.364283794   79.085214629   -1.409386043
    5.434881362   78.932478538   -2.874549970
    5.505478929   78.672978330   -4.762294858
    5.576076496   78.279081671   -6.208682984
    5.646674064   77.866009328   -5.750919437
    5.717271631   77.500023533   -4.507605993
    5.787869199   77.221489443   -3.705519632
    5.858466766   76.928561477   -5.293723081
    5.929064333   76.470771121   -7.636304117
    5.999661901   75.880694614   -8.628205061
    6.070259468   75.284841122   -7.697462353
    6.140857035   74.818583635   -5.524080854
    6.211454603   74.523470471   -3.130697224
    6.282052170   74.302745129   -3.203031778
    6.352649738   74.064415536   -3.913950353
    6.423247305   73.722428487   -5.942032808
    6.493844872   73.300325207   -6.284629167
    6.564442440   72.851140087   -6.263726667
    6.635040007   72.424093630   -5.729704173
    6.705637574   72.037390710   -4.842689926
    6.776235142   71.734622326   -3.784815592
    6.846832709   71.497499441   -2.940080260
    6.917430277   71.350819267   -1.250371586
    6.988027844   71.301152939   -0.501799575
    7.058625411   71.263845485   -1.193441855
    7.129222979   71.102632650   -3.725434707
    7.199820546   70.773543764   -5.512061193
    7.270418113   70.428975357   -4.209667968
    7.341015681   70.276193609    0.136205481
    7.411613248   70.422532794    3.527218616
    7.482210816   70.700044858    4.123000495
    7.552808383   70.980563828    3.707761403
    7.623405950   71.222559521    3.250881954
    7.694003518   71.409798038    1.817979692
    7.764601085   71.441829104   -1.280439176
    7.835198652   71.184423879  -18.251516388
    7.905796220   69.871761294  -15.549865552
    7.976393787   69.582878964   11.540601730
    8.046991355   71.729422106   47.141785607
    8.117588922   75.195008174   37.821958112
    8.188186489   74.620874401  -72.943888269
    8.258784057   62.813137125 -268.101521879
    8.329381624   37.848489452 -415.261902863
    8.399979191    9.807962135 -326.000340327
    8.470576759    0.000000000  103.453822213
    8.541174326   30.317709381  777.569505535
    8.611771894  109.358662801 1433.456232614
    8.682369461  225.879347903 1804.264054470
    8.752967028  354.648478158 1780.050965416
    8.823564596  469.850845419 1446.564660830
    8.894162163  556.061395234  991.689399937
    8.964759730  611.011848780  581.913325244
    9.035357298  641.180049374  294.934051573
    9.105954865  655.542822338  129.605148997
    9.176552433  661.487508419   49.332345585
    9.247150000  663.485488064   -0.000000000
