#! FIELDS d_abs file.free der_d_abs
#! SET min_d_abs -0.707107
#! SET max_d_abs 9.24715
#! SET nbins_d_abs  142
#! SET periodic_d_abs false
   -0.707107000  336.561482430   -0.000000000
   -0.636509433  335.916293911  -16.682923459
   -0.565911865  333.886070570  -44.651620794
   -0.495314298  328.884717616 -103.367712293
   -0.424716730  318.204715117 -207.645158877
   -0.354119163  298.386757513 -361.000139480
   -0.283521596  266.564551718 -540.744101973
   -0.212924028  222.734460692 -689.868805092
   -0.142326461  171.515028642 -739.500802620
   -0.071728894  121.624275482 -650.604859988
   -0.001131326   82.407316042 -447.292582360
    0.069466241   59.160834355 -215.117953723
    0.140063809   50.512065272  -45.769563354
    0.210661376   50.180843552   19.184438942
    0.281258943   51.317662957    4.041586508
    0.351856511   50.190877766  -35.566943325
    0.422454078   46.763494236  -56.990889096
    0.493051645   42.780916713  -52.266557380
    0.563649213   39.640542256  -36.184935944
    0.634246780   37.662726587  -20.468542198
    0.704844348   36.717479759   -6.316090064
    0.775441915   36.627393444    8.479123553
    0.846039482   38.037031480   31.509005000
    0.916637050   40.937673699   49.294488411
    0.987234617   44.683657903   54.080016180
    1.057832184   48.139974228   40.712215817
    1.128429752   49.987181389    9.303007369
    1.199027319   49.204383947  -32.344716918
    1.269624887   45.441930145  -73.188345782
    1.340222454   39.150648886 -102.249394206
    1.410820021   31.513982346 -110.680639823
    1.481417589   23.997061065  -99.511094502
    1.552015156   17.798956972  -74.538439179
    1.622612723   13.584369154  -44.785525399
    1.693210291   11.440874556  -16.615529217
    1.763807858   11.162530723    8.034683896
    1.834405426   12.477419297   28.026215263
    1.905002993   14.926482735   39.401714237
    1.975600560   17.675891248   35.626540493
    2.046198128   19.599117041   16.271151839
    2.116795695   19.730871628  -13.475296710
    2.187393262   17.781117451  -40.212630866
    2.257990830   14.380872629  -53.216532234
    2.328588397   10.665451082  -49.431012889
    2.399185965    7.685261645  -34.283567765
    2.469783532    5.839422324  -18.823779375
    2.540381099    4.822422475  -11.353600962
    2.610978667    4.094623978   -9.960807841
    2.681576234    3.404147702   -9.254897403
    2.752173801    2.900822875   -4.048847598
    2.822771369    2.987136118    7.161906029
    2.893368936    3.948616312   19.648818849
    2.963966504    5.641509225   27.121907157
    3.034564071    7.652677320   29.151511732
    3.105161638    9.650050655   27.339832314
    3.175759206   11.540779053   26.034610333
    3.246356773   13.333354501   24.537903957
    3.316954340   14.953437994   20.652104283
    3.387551908   16.155096130   13.031133018
    3.458149475   16.747531401    3.805988957
    3.528747043   16.700383542   -4.906315400
    3.599344610   16.114829331  -11.101080365
    3.669942177   15.156350490  -15.494997389
    3.740539745   14.017810131  -16.330745738
    3.811137312   12.942873486  -13.872030356
    3.881734879   12.124311388   -8.768410407
    3.952332447   11.727193640   -2.232893107
    4.022930014   11.807196414    4.308412808
    4.093527582   12.304185863    9.350397137
    4.164125149   13.050761137   11.793431755
    4.234722716   13.999962537   14.739229095
    4.305320284   15.095237314   16.014904408
    4.375917851   16.208357234   15.049631169
    4.446515418   17.139031232   11.002699176
    4.517112986   17.690465234    4.423475586
    4.587710553   17.780401989   -1.819465584
    4.658308121   17.430962641   -7.907769278
    4.728905688   16.607946476  -15.861396865
    4.799503255   15.228503501  -22.760248628
    4.870100823   13.501115013  -25.148282781
    4.940698390   11.853094107  -20.423047043
    5.011295957   10.723611085  -11.117373387
    5.081893525   10.337101355   -0.079243603
    5.152491092   10.664035756    8.621573693
    5.223088660   11.453033059   12.999998779
    5.293686227   12.367875391   12.554788003
    5.364283794   13.158405825    9.599420534
    5.434881362   13.655510797    4.586026003
    5.505478929   13.829910834    0.340142772
    5.576076496   13.758464127   -1.993385323
    5.646674064   13.629692596   -2.073382990
    5.717271631   13.463352196   -2.837305517
    5.787869199   13.193850295   -5.127879797
    5.858466766   12.717579183   -8.556682346
    5.929064333   12.065976647   -9.127591760
    5.999661901   11.565348307   -4.095589280
    6.070259468   11.571742471    4.723318969
    6.140857035   12.207873132   12.579619629
    6.211454603   13.260510554   16.167042421
    6.282052170   14.328216180   13.379178655
    6.352649738   15.108456239    8.208588534
    6.423247305   15.449273655    1.419062019
    6.493844872   15.422640961   -2.032796686
    6.564442440   15.236129769   -2.500847565
    6.635040007   15.151141088    0.756283368
    6.705637574   15.398196078    6.831768831
    6.776235142   16.113973626   13.121472331
    6.846832709   17.163982017   15.838352733
    6.917430277   18.252310249   14.105362103
    6.988027844   19.038733809    7.459618691
    7.058625411   19.289618442   -0.740222795
    7.129222979   18.974244812   -7.821865835
    7.199820546   18.327329932   -9.775349515
    7.270418113   17.753677621   -6.087027038
    7.341015681   17.582864827    1.643007244
    7.411613248   17.979155152    9.379343646
    7.482210816   18.868145996   15.523880348
    7.552808383   20.134880028   19.931015458
    7.623405950   21.638688103   22.385101547
    7.694003518   23.216569359   21.743277412
    7.764601085   24.633327800   17.427539343
    7.835198652   25.549941538    3.232263268
    7.905796220   25.536547668   -2.085201745
    7.976393787   25.540349976    4.363980080
    8.046991355   26.273351129   15.619591986
    8.117588922   27.319738544    8.372704869
    8.188186489   26.427588983  -41.272944286
    8.258784057   20.744147294 -120.959409643
    8.329381624   10.132729189 -166.720698804
    8.399979191    0.000000000  -94.975323434
    8.470576759    0.477703409  132.755413411
    8.541174326   21.158611940  460.507449818
    8.611771894   64.841782880  760.703192326
    8.682369461  125.018434325  912.719618522
    8.752967028  189.165510414  874.935131871
    8.823564596  245.215293558  696.938343475
    8.894162163  286.436652529  470.383857818
    8.964759730  312.338693975  272.326970154
    9.035357298  326.381638454  136.410867870
    9.105954865  332.994004389   59.288022854
    9.176552433  335.700493339   22.197241853
    9.247150000  336.561482430   -0.000000000
