#! FIELDS d_abs file.free der_d_abs
#! SET min_d_abs -0.707107
#! SET max_d_abs 9.28004
#! SET nbins_d_abs  143
#! SET periodic_d_abs false
   -0.707107000  714.284047706   -0.000000000
   -0.636774979  712.226438426  -50.764837126
   -0.566442958  706.157424027 -132.799515905
   -0.496110937  691.517135824 -301.568084170
   -0.425778915  660.799097367 -594.808016022
   -0.355446894  604.831181285 -1014.526438334
   -0.285114873  516.837565456 -1484.755951405
   -0.214782852  398.638991829 -1840.444701534
   -0.144450831  265.190220233 -1890.955635388
   -0.074118810  142.051724791 -1547.329272855
   -0.003786789   54.468501470 -914.046777615
    0.066545232   14.089673173 -254.722924147
    0.136877254   13.014457043  170.969387492
    0.207209275   30.302420383  270.048341395
    0.277541296   45.799261343  150.004756109
    0.347873317   50.826619932    2.475756761
    0.418205338   48.501598880  -49.272542077
    0.488537359   46.175164550   -6.564620263
    0.558869380   48.064747634   57.485587899
    0.629201401   53.311349637   82.712491816
    0.699533423   58.578983440   61.294254686
    0.769865444   60.867581024   15.223095348
    0.840197465   61.054278071   -7.865961215
    0.910529486   60.084459139  -17.198350077
    0.980861507   58.931701079  -13.937837874
    1.051193528   58.312301818   -2.748226267
    1.121525549   58.625842917   11.551697566
    1.191857570   59.903611764   23.942725326
    1.262189592   61.769482977   27.176450893
    1.332521613   63.452888940   19.493068186
    1.402853634   64.469598749   10.329952737
    1.473185655   65.168580865   11.623809741
    1.543517676   66.419813538   24.877622427
    1.613849697   68.548697935   33.675785053
    1.684181718   70.801182107   27.425955332
    1.754513739   72.058291401    6.222411553
    1.824845761   71.554851987  -19.968965364
    1.895177782   69.511399279  -35.755587877
    1.965509803   66.860717837  -37.408894926
    2.035841824   64.475406719  -30.384871909
    2.106173845   62.551808872  -24.772769818
    2.176505866   60.868706984  -23.742245588
    2.246837887   59.148994121  -25.222157490
    2.317169908   57.265547939  -28.693470734
    2.387501930   55.041492833  -34.909563236
    2.457833951   52.232343895  -45.699908541
    2.528165972   48.557714190  -58.883147096
    2.598497993   44.043210169  -68.421369264
    2.668830014   39.147879204  -69.618523604
    2.739162035   34.438039388  -63.237484400
    2.809494056   30.365887215  -51.873237915
    2.879826077   27.187168393  -38.974134493
    2.950158099   24.885348285  -27.145802372
    3.020490120   23.260935183  -19.508572905
    3.090822141   22.059553476  -14.943545990
    3.161154162   21.124605375  -11.744054055
    3.231486183   20.433500184   -7.471423751
    3.301818204   20.160124541    0.141922604
    3.372150225   20.440717089    7.745331403
    3.442482246   21.177802542   12.273806451
    3.512814268   22.027516447   11.471895788
    3.583146289   22.687124967    7.322696088
    3.653478310   23.056286431    3.355358746
    3.723810331   23.187715390    0.463684757
    3.794142352   23.112182197   -2.266452703
    3.864474373   22.807969906   -6.295800510
    3.934806394   22.211736418  -10.669114424
    4.005138415   21.358039246  -12.993201543
    4.075470437   20.502206115  -10.661856188
    4.145802458   19.939705129   -5.465468619
    4.216134479   19.778785614    0.484381355
    4.286466500   19.906749593    2.133968535
    4.356798521   19.981776985   -0.847909631
    4.427130542   19.759934264   -5.516232466
    4.497462563   19.205465054   -9.776287271
    4.567794585   18.468758698  -10.559362439
    4.638126606   17.779921742   -8.786844506
    4.708458627   17.273439430   -5.763942012
    4.778790648   16.941396873   -3.674121863
    4.849122669   16.707188584   -2.796575277
    4.919454690   16.520135426   -2.302458101
    4.989786711   16.407427746   -1.027695427
    5.060118732   16.379160347   -0.039146490
    5.130450754   16.391819923    0.235905504
    5.200782775   16.382751485   -0.548573234
    5.271114796   16.293815094   -1.535630358
    5.341446817   16.134613846   -2.832387137
    5.411778838   15.926944282   -2.957055756
    5.482110859   15.724070308   -2.455027883
    5.552442880   15.585875974   -1.455974512
    5.622774901   15.556076027    0.435674563
    5.693106923   15.616812378    0.997817073
    5.763438944   15.677479837    0.324509663
    5.833770965   15.624880632   -1.898494920
    5.904102986   15.373886068   -5.165314051
    5.974435007   14.931296651   -7.126515719
    6.044767028   14.403795213   -7.217343360
    6.115099049   13.978107328   -4.675487227
    6.185431070   13.748053507   -1.993934464
    6.255763092   13.669817127   -0.503650132
    6.326095113   13.656266370    0.068760435
    6.396427134   13.692431530    0.946006000
    6.466759155   13.813571204    2.602651570
    6.537091176   14.031373344    3.640742003
    6.607423197   14.290866023    3.710653853
    6.677755218   14.559106343    4.066092786
    6.748087239   14.838370650    4.218404235
    6.818419261   15.218271694    6.546653991
    6.888751282   15.716072749    7.486076542
    6.959083303   16.246601960    7.145701673
    7.029415324   16.637041128    3.679406356
    7.099747345   16.757023325   -0.087046949
    7.170079366   16.662627260   -2.057836682
    7.240411387   16.547324024   -0.579726491
    7.310743408   16.600660114    1.715960167
    7.381075430   16.746171562    1.786665735
    7.451407451   16.766824310   -1.646759952
    7.521739472   16.552444274   -3.633032380
    7.592071493   16.439893669    2.272775114
    7.662403514   17.067998842   16.179970830
    7.732735535   18.600757944   25.275224773
    7.803067556   20.231123877   18.023249886
    7.873399577   20.655321668  -18.976270544
    7.943731599   18.433681556  -39.568058573
    8.014063620   16.041330089  -20.050845573
    8.084395641   16.561937539   38.145866308
    8.154727662   21.040231461   79.976431547
    8.225059683   25.757812011   35.888068998
    8.295391704   23.876213762  -98.294103558
    8.365723725   12.517150156 -205.075311401
    8.436055746    0.000000000 -102.288701834
    8.506387768    5.696384099  315.884113497
    8.576719789   49.848488515  959.345833705
    8.647051810  140.007639927 1575.363938091
    8.717383831  264.581933568 1904.481746481
    8.787715852  398.638320597 1845.397677190
    8.858047873  517.025779025 1485.656255205
    8.928379894  605.014266111 1013.568133034
    8.998711915  660.897866407  593.651126644
    9.069043937  691.561248392  301.005801259
    9.139375958  706.175296114  132.446545250
    9.209707979  712.230400368   50.497634224
    9.280040000  714.284047706   -0.000000000
